ga ga_NO
154.531	141.621
328.211	333.252
256.228	256.573
74.336	81.4438
38.1938	38.3848
47.4731	47.5472
100.767	105.758
70.4816	74.7069
107.196	118.668
201.275	206.805
39.9939	40.107
258.489	254.991
46.3462	46.5428
177.107	179.28
190.537	198.023
54.8658	54.5017
129.009	129.445
34.7512	34.909
146.497	141.438
40.102	40.274
45.4969	45.6374
185.502	185.997
124.439	124.262
62.2539	62.2375
45.4615	45.6598
131.931	124.017
139.723	139.93
219.069	227.067
23.8922	23.967
32.7816	32.9552
131.512	118.758
45.3535	45.5608
179.806	189.819
3.79489	3.80717
155.266	157.058
127.135	127.257
109.936	107.471
42.6761	42.69
124.68	129.949
5.73725	5.75822
