minEval_ga minEval_ga_NO
4.91667 4.91667
4.91667 4.91667
2.25 2.25
13.6667 13.6667
-200 -200
-200 -200
22.25 22.25
30.8333 30.8333
14 14
2.66667 2.66667
-200 -200
24.9167 24.9167
42.8333 42.8333
20.9167 20.9167
10.9167 10.9167
42.75 42.75
118.25 118.25
-200 -200
4.91667 4.91667
-200 -200
-200 -200
26.25 26.25
56.6667 56.6667
-200 -200
-200 -200
27 27
200.667 200.667
18.9167 18.9167
-200 -200
-200 -200
4.91667 4.91667
-200 -200
110 110
40.5 40.5
2.25 2.25
58.25 58.25
17 17
-200 -200
4.91667 4.91667
66.6667 66.6667
