27.2488830000
30.8328820000
34.3880870000
17.7694550000
24.2963
38.2052410000
25.5835680000
19.855
20.8164
34.1297100000
26.2958
34.5704720000
2.8833720000
18.8575
18.5741
21.2309
36.0335790000
22.4050670000
32.9313080000
25.3503660000
46.2825430000
33.7303650000
15.3811
24.6062230000
24.8495
34.9790280000
15.1082970000
18.173
47.6212810000
0.3633590000
58.8854720000
31.0216780000
1.2309390000
26.5545890000
18.6922
21.354
16.4902
22.2502
27.3156020000
43.3572780000
5.8111760000
25.7882
42.1458550000
29.9708060000
31.6478880000
48.7957860000
22.6727
21.5711950000
21.1141
19.3228
24.8299
22.1737620000
25.9787050000
18.8239
12.2838
45.4926820000
13.0917440000
21.5134
21.9467
18.5953
27.8728290000
23.6949
1.1533480000
1.1647970000
27.6995710000
13.1749390000
34.6913190000
20.6673770000
18.4598
11.6392
18.5275
20.9958
25.1513210000
35.0899690000
26.0245960000
35.3351330000
40.3560510000
29.5377650000
36.5218680000
17.0035310000
16.5244
28.5711140000
12.1024260000
18.5343
22.8794
30.7081780000
30.9845660000
23.1651
30.5119880000
44.7193370000
18.3657840000
19.9212
21.3121870000
38.1275280000
11.3116
54.3317350000
0.3659070000
15.5753
32.3480200000
44.2742230000
