ga20 ga40 ga60 ga80 ga90 ga_no
2	2	2	2	2	2
2	2	2	3	2	2
17	21	23	17	20	8
2	2	2	2	2	2
1	1	1	1	1	1
2	2	2	2	2	2
2	2	2	2	2	2
1	1	1	1	1	1
1	1	1	1	1	1
17	8	11	10	12	15
1	1	1	1	1	1
2	2	2	2	2	2
2	2	2	2	2	2
1	1	1	1	1	1
1	1	1	1	1	1
1	1	1	1	1	1
2	2	2	2	2	2
4	7	11	5	10	7
15	5	18	19	14	24
2	2	2	2	2	2
2	2	2	3	2	2
12	13	160	72	29	22
1	1	1	1	1	1
7	7	12	6	4	4
1	1	1	1	1	1
5	5	2	3	2	3
2	2	2	2	2	2
1	1	1	1	1	1
21	16	10	23	10	24
2	2	2	2	2	2
7	6	5	6	4	4
10	6	3	9	8	4
2	2	2	2	2	2
2	2	2	2	2	2
1	1	1	1	1	1
1	1	1	1	1	1
1	1	1	1	1	1
1	1	1	1	1	1
2	2	2	2	2	2
2	2	3	3	2	2
2	2	2	2	2	2
1	1	1	1	1	1
14	21	15	12	22	17
4	8	13	5	6	6
12	7	12	6	5	6
5	3	4	4	2	3
1	1	1	1	1	1
2	2	2	2	2	2
1	1	1	1	1	1
1	1	1	1	1	1
1	1	1	1	1	1
44	34	32	61	55	49
57	22	4	6	9	9
1	1	1	1	1	1
1	1	1	1	1	1
2	2	2	3	3	3
2	2	2	2	2	2
1	1	1	1	1	1
1	1	1	1	1	1
1	1	1	1	1	1
9	11	20	8	20	13
1	1	1	1	1	1
2	2	2	2	2	2
2	2	2	2	2	2
2	2	2	2	2	2
2	2	2	2	2	2
10	15	21	9	11	14
16	9	17	26	7	6
1	1	1	1	1	1
1	1	1	1	1	1
1	1	1	1	1	1
1	1	1	1	1	1
3	3	3	4	3	3
7	6	6	11	8	4
6	9	3	12	6	8
10	24	13	13	8	16
10	15	13	3	6	12
5	6	7	7	3	5
2	2	2	2	2	2
2	2	2	2	2	2
1	1	1	1	1	1
2	2	2	2	2	2
2	2	2	2	2	2
1	1	1	1	1	1
1	1	1	1	1	1
8	9	10	11	3	8
2	2	2	2	2	2
1	1	1	1	1	1
2	2	2	2	2	2
2	2	2	2	2	2
2	2	2	2	2	2
1	1	1	1	1	1
7	134	12	10	15	6
10	3	4	4	5	2
1	1	1	1	1	1
14	15	34	29	27	13
2	2	2	2	2	2
1	1	1	1	1	1
2	2	2	2	2	2
3	5	3	3	2	3
