914.1833333333
-200
442.9500000000
-200
-200
-200
1152.6000000000
-200
-200
-200
94.9333333333
-200
1068.9333333333
-200
-200
-200
1639.0000000000
1142.9833333333
0.0000000000
2487.6000000000
973.7333333333
951.2500000000
-200
668.5833333333
54.8000000000
-200
382.5500000000
-200
-200
176.5833333333
1314.8500000000
-200
-200
-200
603.7333333333
20.0000000000
-200
-200
-200
-200
506.9833333333
578.9833333333
144.6666666667
-200
579.4000000000
225.8000000000
2603.9333333333
-200
2832.7333333333
0.0000000000
-200
-200
-200
-200
-200
18.7500000000
688.6000000000
-200
691.7333333333
540.4000000000
0.7500000000
-200
894.9833333333
-200
157.0000000000
186.7333333333
1931.2500000000
2065.9333333333
-200
-200
-200
98.2500000000
-200
-200
66.2000000000
-200
-200
-200
172.9333333333
973.9333333333
941.9333333333
-200
98.2500000000
-200
1866.7333333333
1697.6500000000
397.2000000000
1130.1833333333
-200
508.8000000000
-200
1066.7000000000
578.3333333333
0.6666666667
362.4000000000
177.3666666667
-200
867.7333333333
286.1833333333
936.3333333333
