2.2324040000
3.87643
0.6853630000
3.01892
2.59871
2.86931
2.9925390000
3.10505
3.78092
4.12794
3.2996070000
2.91301
1.9459820000
2.35255
2.98832
3.15044
1.8556350000
1.5838520000
0.0202780000
1.9177850000
2.4321200000
2.1157410000
3.28646
1.9697420000
1.3805610000
3.85738
1.2561800000
2.6875
3.58912
2.2461980000
2.7334640000
4.30408
3.04506
3.81154
1.5137230000
0.0543300000
3.92982
2.81456
3.18221
3.81767
3.8061530000
2.3112060000
1.0464340000
2.81373
2.0706440000
1.5703370000
1.7946700000
4.46075
1.7960640000
0.0149190000
4.71805
3.56823
3.23822
3.02694
2.85015
0.0450040000
3.2823400000
3.89467
2.4717810000
2.9238340000
1.4038590000
3.61813
2.7180810000
3.24035
3.1487440000
3.8149230000
1.7174230000
2.0329910000
3.16614
3.56881
4.55229
1.1320490000
3.60308
3.75141
0.9542090000
3.4021
3.43789
3.84084
2.2663880000
2.3554700000
2.1308000000
3.17017
0.8930440000
3.53814
2.1518660000
3.0377360000
0.8298630000
3.0263230000
2.56154
1.5660920000
3.16715
1.5922580000
2.2638540000
0.0352810000
1.4712070000
1.7072440000
4.10905
1.9304000000
2.6369380000
2.9855750000
