16.2668650000
26.3597
4.2262940000
20.4176
17.2953
19.7996
22.0207310000
21.588
26.1073
28.44
24.5091770000
20.2737
13.0584830000
16.245
20.7118
21.7646
11.7279780000
11.0264870000
0.0883070000
14.1029850000
16.4949780000
15.6545570000
22.7146
14.8766480000
10.1246230000
26.5297
9.7384850000
18.5553
25.1111
14.1555240000
25.5600280000
29.8011
21.2767
25.8566
10.9855420000
0.3307060000
27.2549
19.4711
21.9486
26.3372
27.3225320000
15.4832100000
8.5105710000
19.4463
15.6840880000
11.8121380000
13.0680910000
30.7057
12.8053690000
0.0885970000
32.5724
24.5995
22.3765
20.9972
19.6521
0.2659290000
23.9675590000
26.9036
19.2644370000
18.0761720000
10.5656020000
24.9361
20.0336180000
22.3656
20.6263510000
14.7105210000
12.2704820000
16.1499380000
21.8907
24.6757
31.7672
8.4853310000
24.8953
25.879
7.1599910000
23.8224
23.7471
25.719
16.4419230000
18.1240230000
19.2432400000
21.6851
6.5857830000
23.7367
15.7213230000
20.3859870000
5.3400790000
24.4664840000
17.8712
12.1027890000
22.0909
11.6833100000
18.1501620000
0.2141000000
11.6765880000
11.4395050000
28.9098
15.1920460000
19.1961870000
22.9317850000
