2.1527080000
4.59694
3.88911
1.9865210000
3.18018
3.6269700000
1.3896290000
1.6847010000
3.19424
1.5670620000
3.45968
4.1168500000
2.8410620000
2.4703390000
4.8591
3.48668
2.80574
2.4463620000
1.9744280000
2.5804100000
3.57048
4.51642
3.48611
2.2281380000
2.8379820000
4.0357370000
1.6342780000
3.3810930000
3.60984
5.40865
4.533
3.29654
4.69938
3.3646
4.70758
3.74956
2.82469
1.7741540000
4.31437
3.79105
1.3066300000
1.9487320000
2.5894450000
5.34869
1.7574010000
4.54728
3.56805
1.3399510000
3.71804
3.8841010000
2.9874700000
1.8316680000
5.05283
0.4824950000
1.9287690000
1.2134410000
1.5542150000
4.3992
4.13033
1.0454850000
1.8612890000
4.46521
2.3903740000
5.25393
2.9587690000
4.58437
3.0148810000
0.8754340000
1.8879320000
4.68752
5.08939
3.74175
2.8420590000
1.9682400000
2.2113850000
1.2114130000
3.69118
1.3293060000
4.44442
3.6687960000
3.2223390000
3.19272
2.7268820000
3.35473
2.2930270000
0.0679020000
2.1750730000
4.08226
3.32884
3.06024
4.58612
1.1150430000
3.76968
1.9048440000
3.5023930000
1.9902190000
4.279
3.38149
2.0484910000
2.4762790000
