ga1 ga2 ga3 ga4 ga5 ga6 ga7 ga8 ga10 ga12 ga15
25	35	35	43	140	140	25	18	48	47	44
2	2	2	2	2	2	2	2	2	2	2
173	12	12	42	22	22	18	6	127	52	74
30	11	11	28	19	19	9	5	14	7	10
32	27	27	112	29	29	70	77	77	58	97
12	16	16	10	11	11	10	9	8	13	17
14	5	5	5	4	4	3	5	5	3	2
1	1	1	1	1	1	1	1	1	1	1
9	6	6	3	4	4	10	34	7	30	78
10	10	10	8	3	3	3	4	6	166	6
134	12	12	11	87	87	3	7	6	61	68
39	157	157	70	38	38	110	15	32	184	91
2	2	2	2	2	2	2	2	2	2	2
1	1	1	1	1	1	1	1	1	1	1
1	1	1	1	1	1	1	1	1	1	1
2	3	3	2	3	3	2	11	4	5	5
1	1	1	1	1	1	1	1	1	1	1
3	22	22	50	189	189	64	160	137	49	75
6	47	47	6	7	7	54	12	28	14	41
17	12	12	8	10	10	17	58	40	29	12
