26.8588360000
31.3831190000
39.4607700000
18.4225470000
24.1497
38.9185330000
26.3279460000
19.8562
20.7692
35.0144360000
26.3129
35.9675340000
2.9053800000
18.8793
18.542
21.1996
37.5040940000
24.6350570000
33.6933220000
26.4065480000
47.6050330000
29.8607030000
15.4215
24.2723920000
24.8462
36.2666820000
15.4071510000
18.1632
47.6284340000
0.4010590000
59.7722990000
31.0396760000
1.3351970000
27.4953050000
18.7357
21.3156
16.467
22.2518
28.0668520000
43.7276250000
5.9470250000
25.675
41.7429950000
31.8855130000
29.8464680000
50.4755890000
22.6137
23.5667140000
21.0529
19.232
24.8176
24.4451450000
27.1592910000
18.79
12.2476
46.7430500000
13.3369600000
21.45
21.9552
18.602
28.9526950000
23.6842
1.2821150000
1.3046820000
27.3377230000
13.4231630000
35.6462720000
25.8950990000
18.4473
11.5728
18.4992
20.9589
28.0601290000
32.1146030000
26.0546380000
33.6753070000
42.5627910000
29.6715180000
37.1259150000
17.3201120000
16.4798
29.3088920000
12.2848800000
18.5355
22.8525
33.2554280000
31.0682580000
23.047
30.8935560000
45.5960540000
18.7940070000
19.9133
23.5378130000
39.3914190000
11.313
54.3101550000
0.4049100000
15.6004
34.0977590000
44.1192850000
