2.2174960000
4.7283
3.97152
1.5221070000
3.23678
3.7676660000
1.2487040000
1.7444630000
3.27404
1.6018390000
3.52832
3.7292360000
2.9245570000
2.4219590000
4.97941
3.5733
2.88012
2.3918220000
1.9719920000
2.5793250000
3.6713
4.64781
3.58683
2.4225710000
2.9454650000
4.2468760000
1.5646420000
3.4640940000
3.71173
5.55878
4.66498
3.37961
4.83115
3.4593
4.83443
3.85291
2.90563
1.9431380000
4.4434
3.89393
1.3413570000
2.3182530000
2.6414030000
5.49221
1.7512260000
4.66564
3.67421
1.3882950000
3.81414
3.9103450000
3.1987420000
1.8804380000
5.20244
0.4973680000
1.5820770000
1.2628010000
1.5671380000
4.52131
4.24744
1.0764320000
2.3044420000
4.59203
2.3645880000
5.3834
3.0234620000
4.7138
3.2184760000
0.9204460000
1.9985800000
4.79848
5.23124
3.84385
2.9008780000
2.0595600000
2.2946560000
1.3053310000
3.78463
1.6554160000
4.56541
3.9413380000
3.6088580000
3.27318
2.9767040000
3.43198
2.2593740000
0.0701180000
2.1974070000
4.17116
3.41315
3.13885
4.69787
1.1426490000
3.86978
1.8658310000
3.0352080000
2.0689690000
4.38999
3.46414
2.1242090000
2.6467070000
