ga1 ga10 ga12 ga15 ga2 ga3 ga4 ga5 ga6 ga7 ga8 ga9
1	1	1	1	1	1	1	1	1	1	1	1
1	1	1	1	1	1	1	1	1	1	1	1
2	2	2	2	2	2	2	2	2	2	2	2
5	9	9	4	7	8	6	11	11	8	6	7
5	13	12	10	3	10	7	6	2	5	7	7
2	2	2	2	2	2	2	2	2	2	2	2
1	1	1	1	1	1	1	1	1	1	1	1
1	1	1	1	1	1	1	1	1	1	1	1
1	1	1	1	1	1	1	1	1	1	1	1
2	2	2	2	2	2	2	2	2	2	2	2
1	1	1	1	1	1	1	1	1	1	1	1
16	13	13	14	107	39	18	16	5	17	29	6
1	1	1	1	1	1	1	1	1	1	1	1
136	30	32	54	63	22	10	37	112	46	13	23
2	2	2	2	2	2	2	2	2	2	2	2
1	1	1	1	1	1	1	1	1	1	1	1
2	2	2	2	2	2	2	2	2	2	2	2
5	3	4	2	5	4	6	3	5	5	3	3
2	2	2	2	2	2	2	2	2	2	2	2
13	12	10	12	21	9	7	7	5	10	12	17
1	1	1	1	1	1	1	1	1	1	1	1
4	9	5	5	16	13	15	9	5	7	7	5
12	37	27	48	9	19	144	11	18	9	10	16
2	2	2	2	2	2	2	2	2	2	2	2
2	2	2	2	2	2	2	2	2	2	2	2
2	2	2	2	2	2	2	2	2	2	2	2
1	1	1	1	1	1	1	1	1	1	1	1
7	10	5	5	5	4	6	6	6	8	6	5
16	18	47	30	51	100	28	37	22	10	17	17
14	8	15	82	198	38	5	20	26	7	67	19
5	6	7	3	9	8	5	8	4	3	10	4
2	2	2	2	2	2	2	2	2	2	2	2
9	12	5	11	16	13	13	17	27	9	13	10
4	4	2	2	3	3	4	3	4	2	3	2
2	2	2	2	2	2	2	2	2	2	2	2
3	2	3	3	2	2	2	2	2	2	2	3
2	2	2	2	2	2	2	2	2	2	2	2
2	2	2	2	2	2	2	2	2	2	2	2
1	1	1	1	1	1	1	1	1	1	1	1
2	2	2	2	2	2	2	2	2	2	2	2
1	1	1	1	1	1	1	1	1	1	1	1
2	2	2	2	2	2	2	2	2	2	2	2
2	2	9	4	2	3	3	4	3	4	8	3
2	3	2	2	3	2	2	2	2	2	2	2
1	1	1	1	1	1	1	1	1	1	1	1
4	19	6	4	4	14	5	3	4	8	3	2
1	1	1	1	1	1	1	1	1	1	1	1
9	8	15	12	16	12	16	10	16	16	11	17
3	5	2	4	4	3	5	3	4	4	8	5
1	1	1	1	1	1	1	1	1	1	1	1
1	1	1	1	1	1	1	1	1	1	1	1
4	5	5	3	3	5	5	3	5	4	5	4
3	3	12	10	4	4	8	7	2	4	7	4
1	1	1	1	1	1	1	1	1	1	1	1
7	6	6	4	6	6	3	3	3	6	4	3
5	5	8	5	7	7	8	17	5	9	6	6
3	9	11	6	9	2	7	3	6	2	11	3
1	1	1	1	1	1	1	1	1	1	1	1
8	6	7	8	7	3	6	6	5	6	9	6
34	2	15	12	14	122	27	8	6	16	69	55
1	1	1	1	1	1	1	1	1	1	1	1
9	12	25	10	10	39	13	17	15	21	12	12
2	4	5	7	3	2	6	2	3	4	3	3
5	3	16	6	10	12	4	4	5	3	7	2
1	1	1	1	1	1	1	1	1	1	1	1
9	2	3	2	2	2	3	2	2	3	2	2
2	2	2	2	2	2	2	2	2	2	2	2
11	20	4	54	8	28	15	26	16	21	5	10
16	15	12	10	12	19	12	9	13	7	13	8
2	2	2	2	2	2	2	2	2	2	2	2
2	2	2	2	2	2	2	2	2	2	2	2
16	67	111	17	14	47	21	60	14	26	56	3
2	2	2	3	2	2	3	4	2	2	2	2
13	14	13	20	14	33	28	18	30	15	17	16
1	1	1	1	1	1	1	1	1	1	1	1
1	1	1	1	1	1	1	1	1	1	1	1
10	5	9	8	3	5	6	7	3	6	8	6
3	7	4	5	7	5	6	4	6	3	12	8
2	2	2	2	2	2	2	2	2	2	2	2
139	8	27	28	29	12	9	21	12	30	17	27
4	4	2	2	7	7	5	5	4	5	5	8
1	1	1	1	1	1	1	1	1	1	1	1
1	1	1	1	1	1	1	1	1	1	1	1
1	1	1	1	1	1	1	1	1	1	1	1
7	3	2	6	3	3	4	5	5	5	6	5
7	14	10	9	9	9	12	9	16	4	23	14
2	2	2	2	2	2	2	2	2	2	2	2
2	2	2	2	2	2	2	2	2	2	2	2
1	1	1	1	1	1	1	1	1	1	1	1
6	3	4	3	2	7	3	3	5	5	7	4
18	14	16	23	7	15	8	12	18	11	32	13
3	2	2	2	2	2	2	2	2	2	2	2
1	1	1	1	1	1	1	1	1	1	1	1
1	1	1	1	1	1	1	1	1	1	1	1
1	1	1	1	1	1	1	1	1	1	1	1
1	1	1	1	1	1	1	1	1	1	1	1
2	3	2	2	3	2	3	3	2	2	2	2
28	30	7	10	21	11	44	25	35	9	14	21
1	1	1	1	1	1	1	1	1	1	1	1
2	2	2	137	2	2	2	2	158	109	64	2
ga1 ga10 ga12 ga15 ga2 ga3 ga4 ga5 ga6 ga7 ga8 ga9
1	1	1	1	1	1	1	1	1	1	1	1
1	1	1	1	1	1	1	1	1	1	1	1
2	2	2	2	2	2	2	2	2	2	2	2
5	9	9	4	7	8	6	11	11	8	6	7
5	13	12	10	3	10	7	6	2	5	7	7
2	2	2	2	2	2	2	2	2	2	2	2
1	1	1	1	1	1	1	1	1	1	1	1
1	1	1	1	1	1	1	1	1	1	1	1
1	1	1	1	1	1	1	1	1	1	1	1
2	2	2	2	2	2	2	2	2	2	2	2
1	1	1	1	1	1	1	1	1	1	1	1
16	13	13	14	107	39	18	16	5	17	29	6
1	1	1	1	1	1	1	1	1	1	1	1
136	30	32	54	63	22	10	37	112	46	13	23
2	2	2	2	2	2	2	2	2	2	2	2
1	1	1	1	1	1	1	1	1	1	1	1
2	2	2	2	2	2	2	2	2	2	2	2
5	3	4	2	5	4	6	3	5	5	3	3
2	2	2	2	2	2	2	2	2	2	2	2
13	12	10	12	21	9	7	7	5	10	12	17
1	1	1	1	1	1	1	1	1	1	1	1
4	9	5	5	16	13	15	9	5	7	7	5
12	37	27	48	9	19	144	11	18	9	10	16
2	2	2	2	2	2	2	2	2	2	2	2
2	2	2	2	2	2	2	2	2	2	2	2
2	2	2	2	2	2	2	2	2	2	2	2
1	1	1	1	1	1	1	1	1	1	1	1
7	10	5	5	5	4	6	6	6	8	6	5
16	18	47	30	51	100	28	37	22	10	17	17
14	8	15	82	198	38	5	20	26	7	67	19
5	6	7	3	9	8	5	8	4	3	10	4
2	2	2	2	2	2	2	2	2	2	2	2
9	12	5	11	16	13	13	17	27	9	13	10
4	4	2	2	3	3	4	3	4	2	3	2
2	2	2	2	2	2	2	2	2	2	2	2
3	2	3	3	2	2	2	2	2	2	2	3
2	2	2	2	2	2	2	2	2	2	2	2
2	2	2	2	2	2	2	2	2	2	2	2
1	1	1	1	1	1	1	1	1	1	1	1
2	2	2	2	2	2	2	2	2	2	2	2
1	1	1	1	1	1	1	1	1	1	1	1
2	2	2	2	2	2	2	2	2	2	2	2
2	2	9	4	2	3	3	4	3	4	8	3
2	3	2	2	3	2	2	2	2	2	2	2
1	1	1	1	1	1	1	1	1	1	1	1
4	19	6	4	4	14	5	3	4	8	3	2
1	1	1	1	1	1	1	1	1	1	1	1
9	8	15	12	16	12	16	10	16	16	11	17
3	5	2	4	4	3	5	3	4	4	8	5
1	1	1	1	1	1	1	1	1	1	1	1
1	1	1	1	1	1	1	1	1	1	1	1
4	5	5	3	3	5	5	3	5	4	5	4
3	3	12	10	4	4	8	7	2	4	7	4
1	1	1	1	1	1	1	1	1	1	1	1
7	6	6	4	6	6	3	3	3	6	4	3
5	5	8	5	7	7	8	17	5	9	6	6
3	9	11	6	9	2	7	3	6	2	11	3
1	1	1	1	1	1	1	1	1	1	1	1
8	6	7	8	7	3	6	6	5	6	9	6
34	2	15	12	14	122	27	8	6	16	69	55
1	1	1	1	1	1	1	1	1	1	1	1
9	12	25	10	10	39	13	17	15	21	12	12
2	4	5	7	3	2	6	2	3	4	3	3
5	3	16	6	10	12	4	4	5	3	7	2
1	1	1	1	1	1	1	1	1	1	1	1
9	2	3	2	2	2	3	2	2	3	2	2
2	2	2	2	2	2	2	2	2	2	2	2
11	20	4	54	8	28	15	26	16	21	5	10
16	15	12	10	12	19	12	9	13	7	13	8
2	2	2	2	2	2	2	2	2	2	2	2
2	2	2	2	2	2	2	2	2	2	2	2
16	67	111	17	14	47	21	60	14	26	56	3
2	2	2	3	2	2	3	4	2	2	2	2
13	14	13	20	14	33	28	18	30	15	17	16
1	1	1	1	1	1	1	1	1	1	1	1
1	1	1	1	1	1	1	1	1	1	1	1
10	5	9	8	3	5	6	7	3	6	8	6
3	7	4	5	7	5	6	4	6	3	12	8
2	2	2	2	2	2	2	2	2	2	2	2
139	8	27	28	29	12	9	21	12	30	17	27
4	4	2	2	7	7	5	5	4	5	5	8
1	1	1	1	1	1	1	1	1	1	1	1
1	1	1	1	1	1	1	1	1	1	1	1
1	1	1	1	1	1	1	1	1	1	1	1
7	3	2	6	3	3	4	5	5	5	6	5
7	14	10	9	9	9	12	9	16	4	23	14
2	2	2	2	2	2	2	2	2	2	2	2
2	2	2	2	2	2	2	2	2	2	2	2
1	1	1	1	1	1	1	1	1	1	1	1
6	3	4	3	2	7	3	3	5	5	7	4
18	14	16	23	7	15	8	12	18	11	32	13
3	2	2	2	2	2	2	2	2	2	2	2
1	1	1	1	1	1	1	1	1	1	1	1
1	1	1	1	1	1	1	1	1	1	1	1
1	1	1	1	1	1	1	1	1	1	1	1
1	1	1	1	1	1	1	1	1	1	1	1
2	3	2	2	3	2	3	3	2	2	2	2
28	30	7	10	21	11	44	25	35	9	14	21
1	1	1	1	1	1	1	1	1	1	1	1
2	2	2	137	2	2	2	2	158	109	64	2
