9
2
37
33
33
46
28
26
17
18
27
34
44
44
5
13
33
40
48
28
4
17
4
11
1
46
13
40
27
6
36
19
49
37
3
32
45
40
29
44
13
24
12
8
18
29
48
27
2
39
32
35
19
42
5
14
28
20
12
33
27
6
7
13
49
9
9
47
17
24
19
38
17
32
28
1
20
5
22
22
27
33
27
2
43
24
35
29
36
45
40
14
3
22
43
20
19
29
11
28
8
31
36
33
33
26
26
31
34
7
36
45
7
2
32
8
36
15
10
44
43
19
32
7
22
47
31
33
30
49
22
26
30
20
10
31
47
45
42
9
39
28
35
34
42
34
44
8
5
28
24
41
48
32
37
21
34
37
18
44
3
17
1
30
26
19
28
28
8
7
38
43
38
3
15
49
33
34
37
12
9
36
18
46
50
6
28
7
34
16
1
17
16
50
43
43
46
18
15
33
