50
13
34
8
11
16
32
14
7
2
9
6
18
41
17
8
4
26
12
17
1
28
48
46
14
9
35
42
12
50
43
21
19
26
10
21
41
16
21
15
31
23
31
15
42
19
41
50
40
48
6
30
40
48
8
29
12
42
30
47
36
42
45
33
16
9
37
22
22
33
19
27
28
25
45
23
37
19
48
4
50
37
47
23
40
16
30
24
42
8
11
11
24
49
42
36
45
13
47
32
11
31
9
49
28
14
10
25
17
38
15
38
17
21
32
33
9
22
19
16
10
1
36
38
41
32
14
26
13
16
18
22
48
29
8
1
43
13
13
23
12
8
35
42
47
8
18
47
26
1
8
14
49
29
17
6
38
18
24
4
41
33
36
11
2
24
15
24
11
9
45
19
9
24
12
39
5
43
50
10
13
41
6
34
30
20
6
16
42
50
17
19
40
41
14
6
40
16
38
3
31
11
47
43
30
17
50
24
40
22
12
27
48
10
19
44
26
23
34
31
35
43
4
41
26
26
12
18
49
27
8
17
4
38
25
48
29
15
40
41
7
2
14
27
18
13
8
46
27
33
45
30
33
35
33
47
37
1
30
30
35
47
38
32
4
46
1
19
29
21
47
28
11
48
31
44
42
37
35
42
42
9
50
34
47
46
23
20
23
48
32
38
3
37
46
8
34
46
34
2
14
19
10
3
12
30
44
7
2
13
24
44
14
23
17
10
28
4
7
42
13
44
27
31
18
15
44
48
5
44
45
22
44
5
44
13
1
17
9
20
9
45
39
18
40
5
38
9
6
23
26
23
25
17
47
46
13
47
10
5
33
12
4
9
21
8
12
27
24
19
44
40
22
40
39
28
45
48
24
11
31
42
15
22
24
10
33
7
32
46
44
34
44
27
16
13
36
8
39
44
41
41
27
33
31
20
21
40
42
12
22
41
5
9
28
16
3
16
40
20
41
10
39
22
21
31
15
37
42
10
2
47
16
33
16
32
19
18
30
8
36
2
18
11
22
35
28
20
2
38
4
41
17
32
44
47
17
42
43
33
9
16
25
39
38
10
35
11
5
6
6
15
41
38
14
44
49
23
33
8
38
17
48
40
33
28
18
7
40
9
44
39
14
26
30
4
16
11
30
42
9
39
50
19
47
5
5
38
50
15
13
41
11
26
9
20
49
44
16
34
47
18
22
9
4
49
3
38
38
19
24
14
2
41
36
49
5
18
2
13
13
26
12
50
48
44
20
13
2
9
6
30
31
31
47
36
33
22
5
18
43
48
27
42
30
23
43
10
37
5
28
47
34
35
36
37
34
13
38
14
19
10
10
45
11
32
17
19
22
7
31
18
27
40
5
45
43
19
46
13
8
48
32
5
50
42
17
9
2
36
43
18
10
29
33
8
8
34
45
4
11
18
29
6
5
33
21
47
11
50
15
12
43
12
41
45
3
7
16
23
15
43
30
48
33
36
14
10
48
12
23
22
21
3
36
9
6
8
21
25
20
34
24
48
3
3
32
4
38
45
35
49
11
41
17
36
14
19
46
50
24
5
1
34
9
31
25
16
10
13
29
2
19
7
43
16
22
41
37
45
15
34
35
11
33
28
33
45
48
44
8
49
23
49
22
34
1
40
31
46
33
23
12
13
26
16
12
20
44
43
31
5
41
43
24
10
35
38
15
43
30
5
16
10
13
35
4
37
35
28
28
21
8
8
44
17
36
27
44
44
22
15
27
43
21
12
34
37
17
40
33
8
30
27
36
44
20
50
4
3
33
26
3
22
26
23
26
14
16
16
15
21
26
38
20
20
39
15
5
34
37
8
4
50
40
18
28
43
19
15
8
44
24
17
9
31
8
18
28
30
26
25
13
31
3
6
43
28
28
9
4
3
2
44
33
39
16
47
46
39
19
46
50
30
18
19
3
35
22
9
32
2
40
44
11
26
9
23
17
18
32
34
39
36
43
30
24
3
39
13
16
10
22
45
42
1
20
27
5
37
42
18
1
16
2
37
22
48
7
42
48
45
32
35
27
7
2
23
5
16
6
15
4
20
1
23
43
22
8
28
39
27
29
18
3
1
42
11
5
20
16
42
27
15
17
49
21
4
13
6
42
20
31
15
7
18
47
13
15
34
31
28
9
41
11
39
9
8
47
32
45
19
15
20
41
17
15
13
3
25
20
26
42
41
32
17
23
8
10
47
18
45
38
23
32
10
4
39
28
8
50
45
13
48
37
36
31
17
18
30
9
13
11
33
38
42
46
28
44
19
