t1 t2 t3 t4 t5 t6 t7 t8 t9
2	2	2	2	2	2	2	2	2
1	1	1	1	1	1	1	1	1
2	2	2	2	2	2	2	2	2
1	1	1	1	1	1	1	1	1
1	1	1	1	1	1	1	1	1
1	1	1	1	1	1	1	1	1
49	23	28	28	10	9	6	12	3
1	1	1	1	1	1	1	1	1
1	1	1	1	1	1	1	1	1
1	1	1	1	1	1	1	1	1
85	29	25	25	9	32	22	21	14
1	1	1	1	1	1	1	1	1
11	59	7	7	3	7	12	5	9
1	1	1	1	1	1	1	1	1
1	1	1	1	1	1	1	1	1
1	1	1	1	1	1	1	1	1
33	21	12	12	9	7	10	10	8
12	21	2	2	4	2	4	2	2
2	2	2	2	2	2	2	2	2
28	2	2	2	2	2	2	2	2
39	4	10	10	13	4	4	12	6
2	2	2	2	2	2	2	2	2
1	1	1	1	1	1	1	1	1
20	6	3	3	3	3	2	2	3
2	2	2	2	2	2	2	2	2
1	1	1	1	1	1	1	1	1
2	2	2	2	2	2	2	2	2
1	1	1	1	1	1	1	1	1
1	1	1	1	1	1	1	1	1
90	23	10	10	6	6	2	17	8
30	23	8	8	33	41	19	8	14
1	1	1	1	1	1	1	1	1
1	1	1	1	1	1	1	1	1
1	1	1	1	1	1	1	1	1
151	26	84	84	53	14	13	66	146
2	2	2	2	2	2	2	2	2
1	1	1	1	1	1	1	1	1
1	1	1	1	1	1	1	1	1
1	1	1	1	1	1	1	1	1
1	1	1	1	1	1	1	1	1
62	5	23	23	7	9	7	22	11
64	12	17	17	14	7	12	11	12
2	2	2	2	2	2	2	2	2
1	1	1	1	1	1	1	1	1
2	2	2	2	2	2	2	2	2
2	2	2	2	2	2	2	2	2
2	2	2	2	2	2	2	2	2
1	1	1	1	1	1	1	1	1
2	2	2	2	2	2	2	2	2
2	2	2	2	2	2	2	2	2
1	1	1	1	1	1	1	1	1
1	1	1	1	1	1	1	1	1
1	1	1	1	1	1	1	1	1
1	1	1	1	1	1	1	1	1
1	1	1	1	1	1	1	1	1
2	2	2	2	2	2	2	2	2
12	9	4	4	4	6	6	6	3
1	1	1	1	1	1	1	1	1
46	36	16	16	15	12	13	9	13
59	15	7	7	18	21	11	7	9
4	2	2	2	2	2	2	2	2
1	1	1	1	1	1	1	1	1
60	49	37	37	7	7	7	6	4
1	1	1	1	1	1	1	1	1
21	28	133	133	27	34	20	17	24
11	29	63	63	12	5	9	8	17
2	2	2	2	2	2	2	2	2
11	10	2	2	2	2	2	2	2
1	1	1	1	1	1	1	1	1
1	1	1	1	1	1	1	1	1
1	1	1	1	1	1	1	1	1
11	3	5	5	2	2	2	2	2
1	1	1	1	1	1	1	1	1
1	1	1	1	1	1	1	1	1
2	2	2	2	2	2	2	2	2
1	1	1	1	1	1	1	1	1
1	1	1	1	1	1	1	1	1
1	1	1	1	1	1	1	1	1
19	13	2	2	2	3	2	2	2
3	3	2	2	2	2	2	2	2
3	4	4	4	4	2	3	4	2
1	1	1	1	1	1	1	1	1
2	2	2	2	2	2	2	2	2
1	1	1	1	1	1	1	1	1
2	2	2	2	2	2	2	2	2
10	40	17	17	15	92	46	50	2
2	2	2	2	2	2	2	2	2
167	25	79	79	43	36	71	14	44
1	1	1	1	1	1	1	1	1
2	2	2	2	2	2	2	2	2
1	1	1	1	1	1	1	1	1
2	2	2	2	2	2	2	2	2
3	2	2	2	2	2	2	2	2
2	2	2	2	2	2	2	2	2
2	2	9	9	4	3	3	3	2
8	4	3	3	2	2	2	2	2
1	1	1	1	1	1	1	1	1
12	65	19	19	32	8	3	9	13
95	53	180	180	55	77	66	17	31
16	15	11	11	11	8	41	8	13
ga10 ga20 ga30 ga40 ga50 ga60 ga70 ga80 ga90
2	2	2	2	2	2	2	2	2
1	1	1	1	1	1	1	1	1
2	2	2	2	2	2	2	2	2
1	1	1	1	1	1	1	1	1
1	1	1	1	1	1	1	1	1
1	1	1	1	1	1	1	1	1
49	23	26	28	10	9	6	12	3
1	1	1	1	1	1	1	1	1
1	1	1	1	1	1	1	1	1
1	1	1	1	1	1	1	1	1
85	29	14	25	9	32	22	21	14
1	1	1	1	1	1	1	1	1
11	59	7	7	3	7	12	5	9
1	1	1	1	1	1	1	1	1
1	1	1	1	1	1	1	1	1
1	1	1	1	1	1	1	1	1
33	21	4	12	9	7	10	10	8
12	21	4	2	4	2	4	2	2
2	2	2	2	2	2	2	2	2
28	2	4	2	2	2	2	2	2
39	4	14	10	13	4	4	12	6
2	2	3	2	2	2	2	2	2
1	1	1	1	1	1	1	1	1
20	6	3	3	3	3	2	2	3
2	2	2	2	2	2	2	2	2
1	1	1	1	1	1	1	1	1
2	2	2	2	2	2	2	2	2
1	1	1	1	1	1	1	1	1
1	1	1	1	1	1	1	1	1
90	23	32	10	6	6	2	17	8
30	23	17	8	33	41	19	8	14
1	1	1	1	1	1	1	1	1
1	1	1	1	1	1	1	1	1
1	1	1	1	1	1	1	1	1
151	26	54	84	53	14	13	66	146
2	2	2	2	2	2	2	2	2
1	1	1	1	1	1	1	1	1
1	1	1	1	1	1	1	1	1
1	1	1	1	1	1	1	1	1
1	1	1	1	1	1	1	1	1
62	5	8	23	7	9	7	22	11
64	12	16	17	14	7	12	11	12
2	2	2	2	2	2	2	2	2
1	1	1	1	1	1	1	1	1
2	2	2	2	2	2	2	2	2
2	2	2	2	2	2	2	2	2
2	2	2	2	2	2	2	2	2
1	1	1	1	1	1	1	1	1
2	2	2	2	2	2	2	2	2
2	2	2	2	2	2	2	2	2
1	1	1	1	1	1	1	1	1
1	1	1	1	1	1	1	1	1
1	1	1	1	1	1	1	1	1
1	1	1	1	1	1	1	1	1
1	1	1	1	1	1	1	1	1
2	2	2	2	2	2	2	2	2
12	9	5	4	4	6	6	6	3
1	1	1	1	1	1	1	1	1
46	36	9	16	15	12	13	9	13
59	15	31	7	18	21	11	7	9
4	2	2	2	2	2	2	2	2
1	1	1	1	1	1	1	1	1
60	49	10	37	7	7	7	6	4
1	1	1	1	1	1	1	1	1
21	28	38	133	27	34	20	17	24
11	29	12	63	12	5	9	8	17
2	2	2	2	2	2	2	2	2
11	10	2	2	2	2	2	2	2
1	1	1	1	1	1	1	1	1
1	1	1	1	1	1	1	1	1
1	1	1	1	1	1	1	1	1
11	3	3	5	2	2	2	2	2
1	1	1	1	1	1	1	1	1
1	1	1	1	1	1	1	1	1
2	2	2	2	2	2	2	2	2
1	1	1	1	1	1	1	1	1
1	1	1	1	1	1	1	1	1
1	1	1	1	1	1	1	1	1
19	13	4	2	2	3	2	2	2
3	3	2	2	2	2	2	2	2
3	4	4	4	4	2	3	4	2
1	1	1	1	1	1	1	1	1
2	2	2	2	2	2	2	2	2
1	1	1	1	1	1	1	1	1
2	2	2	2	2	2	2	2	2
10	40	41	17	15	92	46	50	2
2	2	2	2	2	2	2	2	2
167	25	36	79	43	36	71	14	44
1	1	1	1	1	1	1	1	1
2	2	2	2	2	2	2	2	2
1	1	1	1	1	1	1	1	1
2	2	2	2	2	2	2	2	2
3	2	2	2	2	2	2	2	2
2	2	2	2	2	2	2	2	2
2	2	2	9	4	3	3	3	2
8	4	4	3	2	2	2	2	2
1	1	1	1	1	1	1	1	1
12	65	21	19	32	8	3	9	13
95	53	117	180	55	77	66	17	31
16	15	21	11	11	8	41	8	13
