-200
-200
190.2500000000
16.2500000000
3.0000000000
202.9166666667
67.0000000000
16.9166666667
-200
64.2500000000
4.9166666667
-200
-200
62.2500000000
174.9166666667
-200
0.5000000000
-200
3.0000000000
-200
-200
226.2500000000
-200
-200
-200
37.6666666667
-200
-200
-200
-200
-200
-200
-200
-200
280.9166666667
-200
-200
134.0000000000
16.6666666667
-200
-200
-200
186.8333333333
-200
42.7500000000
-200
-200
4.9166666667
6.7500000000
176.9166666667
-200
30.7500000000
8.0000000000
66.9166666667
-200
2.6666666667
36.9166666667
-200
-200
64.0000000000
104.6666666667
-200
91.6666666667
24.0000000000
2.2500000000
-200
92.6666666667
2.6666666667
-200
-200
-200
120.6666666667
18.0000000000
33.6666666667
98.2500000000
-200
16.9166666667
-200
75.0000000000
27.0000000000
42.6666666667
93.6666666667
8.0000000000
-200
5.6666666667
-200
10.2500000000
2.2500000000
-200
-200
10.9166666667
180.9166666667
54.0000000000
2.6666666667
18.6666666667
53.6666666667
-200
94.9166666667
33.0000000000
34.6666666667
