minEval_ga1000 minEval_ga1200 minEval_ga200 minEval_ga500 minEval_ga800
-200 -200 -200 -200 -200
-200 -200 -200 -200 -200
190.2500000000 190.2500000000 190.2500000000 190.2500000000 190.2500000000
16.2500000000 16.2500000000 10.2500000000 16.2500000000 10.2500000000
3.0000000000 3.0000000000 3.0000000000 3.0000000000 3.0000000000
202.9166666667 202.9166666667 202.9166666667 202.9166666667 208.9166666667
67.0000000000 67.0000000000 67.0000000000 67.0000000000 67.0000000000
16.9166666667 16.9166666667 16.9166666667 16.9166666667 16.9166666667
-200 -200 -200 -200 -200
64.2500000000 64.2500000000 64.2500000000 64.2500000000 64.2500000000
4.9166666667 4.9166666667 4.9166666667 4.9166666667 4.9166666667
-200 -200 -200 -200 -200
-200 -200 -200 -200 -200
62.2500000000 62.2500000000 62.2500000000 62.2500000000 62.2500000000
174.9166666667 174.9166666667 174.9166666667 174.9166666667 174.9166666667
-200 -200 -200 -200 -200
0.5000000000 0.5000000000 0.5000000000 0.5000000000 0.5000000000
-200 -200 -200 -200 -200
3.0000000000 3.0000000000 3.0000000000 3.0000000000 3.0000000000
-200 -200 -200 -200 -200
-200 -200 -200 -200 -200
226.2500000000 226.2500000000 226.2500000000 226.2500000000 226.2500000000
-200 -200 -200 -200 -200
-200 -200 -200 -200 -200
-200 -200 -200 -200 -200
37.6666666667 37.6666666667 37.6666666667 37.6666666667 37.6666666667
-200 -200 -200 -200 -200
-200 -200 -200 -200 -200
-200 -200 -200 -200 -200
-200 -200 -200 -200 -200
-200 -200 -200 -200 -200
-200 -200 -200 -200 -200
-200 -200 -200 -200 -200
-200 -200 -200 -200 -200
280.9166666667 280.9166666667 280.9166666667 280.9166666667 280.9166666667
-200 -200 -200 -200 -200
-200 -200 -200 -200 -200
134.0000000000 134.0000000000 134.0000000000 134.0000000000 134.0000000000
16.6666666667 16.6666666667 16.6666666667 16.6666666667 16.6666666667
-200 -200 -200 -200 -200
-200 -200 -200 -200 -200
-200 -200 -200 -200 -200
186.8333333333 186.8333333333 186.8333333333 186.8333333333 186.8333333333
-200 -200 -200 -200 -200
42.7500000000 42.7500000000 42.7500000000 42.7500000000 42.7500000000
-200 -200 -200 -200 -200
-200 -200 -200 -200 -200
4.9166666667 4.9166666667 4.9166666667 4.9166666667 4.9166666667
6.7500000000 6.7500000000 6.7500000000 6.7500000000 6.7500000000
176.9166666667 176.9166666667 176.9166666667 176.9166666667 176.9166666667
-200 -200 -200 -200 -200
30.7500000000 30.7500000000 30.7500000000 30.7500000000 30.7500000000
8.0000000000 8.0000000000 8.0000000000 8.0000000000 8.0000000000
66.9166666667 66.9166666667 66.9166666667 66.9166666667 66.9166666667
-200 -200 -200 -200 -200
2.6666666667 2.6666666667 8.6666666667 2.6666666667 2.6666666667
36.9166666667 36.9166666667 36.9166666667 36.9166666667 36.9166666667
-200 -200 -200 -200 -200
-200 -200 -200 -200 -200
64.0000000000 64.0000000000 64.0000000000 64.0000000000 64.0000000000
104.6666666667 104.6666666667 104.6666666667 104.6666666667 104.6666666667
-200 -200 -200 -200 -200
91.6666666667 91.6666666667 91.6666666667 91.6666666667 91.6666666667
24.0000000000 24.0000000000 24.0000000000 24.0000000000 24.0000000000
2.2500000000 2.2500000000 2.2500000000 2.2500000000 2.2500000000
-200 -200 -200 -200 -200
92.6666666667 92.6666666667 92.6666666667 92.6666666667 92.6666666667
2.6666666667 2.6666666667 2.6666666667 2.6666666667 2.6666666667
-200 -200 -200 -200 -200
-200 -200 -200 -200 -200
-200 -200 -200 -200 -200
120.6666666667 120.6666666667 120.6666666667 120.6666666667 120.6666666667
18.0000000000 18.0000000000 18.0000000000 18.0000000000 18.0000000000
33.6666666667 33.6666666667 33.6666666667 33.6666666667 33.6666666667
98.2500000000 98.2500000000 98.2500000000 98.2500000000 98.2500000000
-200 -200 -200 -200 -200
16.9166666667 16.9166666667 16.9166666667 16.9166666667 16.9166666667
-200 -200 -200 -200 -200
75.0000000000 75.0000000000 75.0000000000 75.0000000000 75.0000000000
27.0000000000 27.0000000000 27.0000000000 27.0000000000 27.0000000000
42.6666666667 42.6666666667 42.6666666667 42.6666666667 42.6666666667
93.6666666667 93.6666666667 93.6666666667 93.6666666667 93.6666666667
8.0000000000 8.0000000000 8.0000000000 8.0000000000 8.0000000000
-200 -200 -200 -200 -200
5.6666666667 11.6666666667 5.6666666667 5.6666666667 5.6666666667
-200 -200 -200 -200 -200
16.2500000000 10.2500000000 16.2500000000 10.2500000000 10.2500000000
2.2500000000 2.2500000000 2.2500000000 2.2500000000 2.2500000000
-200 -200 -200 -200 -200
-200 -200 -200 -200 -200
10.9166666667 10.9166666667 10.9166666667 10.9166666667 10.9166666667
180.9166666667 180.9166666667 180.9166666667 180.9166666667 180.9166666667
54.0000000000 54.0000000000 54.0000000000 54.0000000000 54.0000000000
8.6666666667 2.6666666667 2.6666666667 2.6666666667 2.6666666667
18.6666666667 18.6666666667 18.6666666667 18.6666666667 18.6666666667
53.6666666667 53.6666666667 53.6666666667 53.6666666667 53.6666666667
-200 -200 -200 -200 -200
94.9166666667 94.9166666667 94.9166666667 94.9166666667 94.9166666667
33.0000000000 33.0000000000 33.0000000000 33.0000000000 33.0000000000
34.6666666667 34.6666666667 34.6666666667 34.6666666667 34.6666666667
