time_ga1000 time_ga1200 time_ga200 time_ga500 time_ga800
4.21312 3.99378 3.98247 3.98162 3.99264
3.75007 3.55124 3.55017 3.55355 3.55536
1.6593450000 1.6202000000 1.5940190000 1.5866110000 1.5743230000
1.8200880000 1.6089010000 1.5809520000 1.5405320000 1.4999560000
4.1820620000 3.8788950000 3.9010230000 4.1164100000 3.9758370000
3.3846480000 3.2302020000 3.3148860000 3.3566250000 3.3020020000
0.7917880000 0.7606500000 0.7752340000 0.7230100000 0.7496220000
2.9664430000 2.8340470000 2.8231360000 2.9268370000 2.8430150000
3.16845 3.02316 3.0321 3.02535 3.00477
1.5967320000 1.5924120000 1.6447270000 1.5194660000 1.5247330000
1.7766720000 1.7936120000 1.4453510000 1.4746760000 1.4530980000
4.10568 3.90071 3.90419 3.91681 3.88011
3.81353 3.62854 3.66441 3.60494 3.60822
2.7913140000 2.5632970000 2.7578560000 2.6816510000 2.7126450000
1.8706220000 1.7678460000 1.9437920000 1.8981200000 1.7666950000
4.34176 4.12732 4.13813 4.11683 4.1167
0.5506350000 0.5194480000 0.5240900000 0.5298430000 0.5356900000
4.29536 4.08006 4.11781 4.06618 4.06251
0.5907340000 0.5590850000 0.5727330000 0.5663610000 0.5574980000
2.59599 2.48996 2.49825 2.47416 2.45963
4.8046 4.71484 4.54936 4.54884 4.54676
4.0729510000 4.1397460000 3.9741150000 3.8415130000 3.8187510000
3.93266 3.95408 3.8033 3.73788 3.72867
2.67039 2.57198 2.55754 2.52422 2.57024
6.31962 6.02073 6.07047 5.99019 6.03851
2.7108440000 2.6507970000 2.6027670000 2.5574630000 2.6763610000
5.2551 4.9673 5.03044 4.96806 4.96071
5.51638 5.22112 5.20227 5.21625 5.21583
4.85892 4.68529 4.57247 4.57979 4.58406
3.99419 3.79371 3.79937 3.79871 3.82584
4.67305 4.54952 4.49099 4.49531 4.52079
2.97892 2.89123 2.86938 2.88923 2.91219
4.55424 4.5368 4.39547 4.37998 4.40064
5.81311 5.79396 5.62921 5.60799 5.75232
2.4821430000 2.3043070000 2.3907710000 2.3294100000 2.4842380000
3.76325 3.63394 3.62329 3.62165 3.71643
2.19919 2.13157 2.11758 2.11856 2.18617
1.7229000000 1.6791990000 1.6912680000 1.6479560000 1.7049990000
2.7913730000 2.6575440000 2.6574080000 2.6698450000 2.8054800000
5.26748 5.04456 5.04926 5.02296 5.17115
3.60388 3.43725 3.46094 3.42469 3.50583
3.73978 3.64099 3.4992 3.49334 3.59704
0.8275990000 0.7578000000 0.7679140000 0.7422690000 0.7887320000
4.45371 4.20279 4.19092 4.16247 4.28392
1.8153030000 1.7012210000 1.7522370000 1.7168680000 1.7463300000
4.93331 4.85194 4.86908 4.83234 4.98375
3.17885 3.17963 3.17839 3.16446 3.25298
4.3863140000 4.0874450000 4.5965890000 4.4969620000 4.6947570000
0.5576050000 0.5763830000 0.5644430000 0.5520390000 0.5701250000
1.5769860000 1.5267830000 1.5613650000 1.5730570000 1.5850970000
4.31253 4.32141 4.33402 4.31483 4.43843
0.7572660000 0.7547820000 0.7944510000 0.7759690000 0.7938440000
0.3271960000 0.3280580000 0.3180940000 0.3329710000 0.3301890000
2.1105460000 2.1497450000 2.0919780000 2.1817800000 2.2715490000
4.03523 4.18545 4.04809 4.0445 4.14476
1.9679360000 2.2103950000 1.7285350000 1.9390080000 1.7973000000
1.5245510000 1.3709460000 1.3576480000 1.5161920000 1.3588070000
3.8193 3.93296 3.84016 3.82778 3.92461
3.37019 3.41913 3.45252 3.39636 3.47332
0.9625690000 1.0185970000 0.9743640000 0.9925920000 1.0165900000
2.3206770000 2.1929940000 2.1385350000 2.2259320000 2.3879370000
4.6913 4.73863 4.68594 4.68259 4.93271
2.7868800000 2.8928790000 2.9469720000 2.9425710000 3.0553440000
0.0638630000 0.0637420000 0.0643240000 0.0626360000 0.0652570000
1.5972470000 1.6995050000 1.6699720000 1.7424650000 1.7474740000
3.77726 3.7574 3.72483 3.68178 3.83921
1.9580750000 1.9913810000 2.1163080000 2.0255760000 2.1316040000
2.4384510000 2.5748030000 2.4325040000 2.0836810000 2.7891040000
3.36216 3.35353 3.35255 3.33411 3.49965
2.47195 2.46326 2.46334 2.45295 2.56431
4.89977 4.89421 4.91362 4.88723 5.0758
3.2240870000 3.1570630000 3.3652290000 3.2587240000 3.3557900000
0.0449240000 0.0449830000 0.0450100000 0.0446190000 0.0455340000
3.2344810000 3.3574370000 3.2627350000 3.1522300000 3.6148800000
2.3448950000 2.3482640000 2.2699570000 2.3511270000 2.4686940000
3.41505 3.39564 3.39739 3.40663 3.53409
2.5214810000 2.6300430000 2.8288640000 2.7706430000 2.9658870000
3.46281 3.45072 3.4433 3.45782 3.57347
0.5725360000 0.5796700000 0.5667090000 0.5548300000 0.6003090000
0.5635700000 0.5766260000 0.5431630000 0.5392070000 0.5689300000
0.5876920000 0.5850700000 0.6052580000 0.6009400000 0.6095310000
2.2557970000 2.3683210000 2.4299630000 2.3421350000 2.3930520000
0.4184540000 0.4174040000 0.4106190000 0.4191350000 0.4313020000
4.47735 4.45767 4.44472 4.47086 4.622
4.1855660000 3.9160900000 3.9908050000 4.1846590000 4.0682840000
3.4024 3.39384 3.36786 3.42475 3.52693
1.8509640000 1.7192850000 1.3949380000 1.8548990000 1.8097850000
3.5816800000 3.7648160000 3.3421050000 3.4463550000 3.6377130000
4.77389 4.59177 4.57999 4.5888 4.77289
3.47488 3.4159 3.40222 3.41403 3.53336
2.0843770000 2.3891320000 2.2312730000 2.2367250000 2.1809540000
2.1702940000 2.2179190000 2.1117900000 2.1144160000 2.2103640000
0.8795990000 0.8375870000 0.8395080000 0.8554610000 0.8795740000
1.8467040000 1.4676330000 1.7761110000 1.3209900000 1.7620760000
1.5484420000 1.2243630000 1.3545570000 1.4159970000 1.4024950000
4.0665400000 3.8718030000 3.9018820000 3.9253870000 4.1324650000
6.6473 6.5227 6.52499 6.55046 6.87407
3.2579070000 3.1229090000 3.2675820000 3.4226830000 3.5627390000
1.2259980000 1.2580670000 1.2788400000 1.2617210000 1.3185110000
3.5687780000 3.3895940000 3.5507210000 3.4006840000 3.6836500000
