3.98162
3.55355
1.5866110000
1.5405320000
4.1164100000
3.3566250000
0.7230100000
2.9268370000
3.02535
1.5194660000
1.4746760000
3.91681
3.60494
2.6816510000
1.8981200000
4.11683
0.5298430000
4.06618
0.5663610000
2.47416
4.54884
3.8415130000
3.73788
2.52422
5.99019
2.5574630000
4.96806
5.21625
4.57979
3.79871
4.49531
2.88923
4.37998
5.60799
2.3294100000
3.62165
2.11856
1.6479560000
2.6698450000
5.02296
3.42469
3.49334
0.7422690000
4.16247
1.7168680000
4.83234
3.16446
4.4969620000
0.5520390000
1.5730570000
4.31483
0.7759690000
0.3329710000
2.1817800000
4.0445
1.9390080000
1.5161920000
3.82778
3.39636
0.9925920000
2.2259320000
4.68259
2.9425710000
0.0626360000
1.7424650000
3.68178
2.0255760000
2.0836810000
3.33411
2.45295
4.88723
3.2587240000
0.0446190000
3.1522300000
2.3511270000
3.40663
2.7706430000
3.45782
0.5548300000
0.5392070000
0.6009400000
2.3421350000
0.4191350000
4.47086
4.1846590000
3.42475
1.8548990000
3.4463550000
4.5888
3.41403
2.2367250000
2.1144160000
0.8554610000
1.3209900000
1.4159970000
3.9253870000
6.55046
3.4226830000
1.2617210000
3.4006840000
