3.98247
3.55017
1.5940190000
1.5809520000
3.9010230000
3.3148860000
0.7752340000
2.8231360000
3.0321
1.6447270000
1.4453510000
3.90419
3.66441
2.7578560000
1.9437920000
4.13813
0.5240900000
4.11781
0.5727330000
2.49825
4.54936
3.9741150000
3.8033
2.55754
6.07047
2.6027670000
5.03044
5.20227
4.57247
3.79937
4.49099
2.86938
4.39547
5.62921
2.3907710000
3.62329
2.11758
1.6912680000
2.6574080000
5.04926
3.46094
3.4992
0.7679140000
4.19092
1.7522370000
4.86908
3.17839
4.5965890000
0.5644430000
1.5613650000
4.33402
0.7944510000
0.3180940000
2.0919780000
4.04809
1.7285350000
1.3576480000
3.84016
3.45252
0.9743640000
2.1385350000
4.68594
2.9469720000
0.0643240000
1.6699720000
3.72483
2.1163080000
2.4325040000
3.35255
2.46334
4.91362
3.3652290000
0.0450100000
3.2627350000
2.2699570000
3.39739
2.8288640000
3.4433
0.5667090000
0.5431630000
0.6052580000
2.4299630000
0.4106190000
4.44472
3.9908050000
3.36786
1.3949380000
3.3421050000
4.57999
3.40222
2.2312730000
2.1117900000
0.8395080000
1.7761110000
1.3545570000
3.9018820000
6.52499
3.2675820000
1.2788400000
3.5507210000
