4.21312
3.75007
1.6593450000
1.8200880000
4.1820620000
3.3846480000
0.7917880000
2.9664430000
3.16845
1.5967320000
1.7766720000
4.10568
3.81353
2.7913140000
1.8706220000
4.34176
0.5506350000
4.29536
0.5907340000
2.59599
4.8046
4.0729510000
3.93266
2.67039
6.31962
2.7108440000
5.2551
5.51638
4.85892
3.99419
4.67305
2.97892
4.55424
5.81311
2.4821430000
3.76325
2.19919
1.7229000000
2.7913730000
5.26748
3.60388
3.73978
0.8275990000
4.45371
1.8153030000
4.93331
3.17885
4.3863140000
0.5576050000
1.5769860000
4.31253
0.7572660000
0.3271960000
2.1105460000
4.03523
1.9679360000
1.5245510000
3.8193
3.37019
0.9625690000
2.3206770000
4.6913
2.7868800000
0.0638630000
1.5972470000
3.77726
1.9580750000
2.4384510000
3.36216
2.47195
4.89977
3.2240870000
0.0449240000
3.2344810000
2.3448950000
3.41505
2.5214810000
3.46281
0.5725360000
0.5635700000
0.5876920000
2.2557970000
0.4184540000
4.47735
4.1855660000
3.4024
1.8509640000
3.5816800000
4.77389
3.47488
2.0843770000
2.1702940000
0.8795990000
1.8467040000
1.5484420000
4.0665400000
6.6473
3.2579070000
1.2259980000
3.5687780000
