3.99378
3.55124
1.6202000000
1.6089010000
3.8788950000
3.2302020000
0.7606500000
2.8340470000
3.02316
1.5924120000
1.7936120000
3.90071
3.62854
2.5632970000
1.7678460000
4.12732
0.5194480000
4.08006
0.5590850000
2.48996
4.71484
4.1397460000
3.95408
2.57198
6.02073
2.6507970000
4.9673
5.22112
4.68529
3.79371
4.54952
2.89123
4.5368
5.79396
2.3043070000
3.63394
2.13157
1.6791990000
2.6575440000
5.04456
3.43725
3.64099
0.7578000000
4.20279
1.7012210000
4.85194
3.17963
4.0874450000
0.5763830000
1.5267830000
4.32141
0.7547820000
0.3280580000
2.1497450000
4.18545
2.2103950000
1.3709460000
3.93296
3.41913
1.0185970000
2.1929940000
4.73863
2.8928790000
0.0637420000
1.6995050000
3.7574
1.9913810000
2.5748030000
3.35353
2.46326
4.89421
3.1570630000
0.0449830000
3.3574370000
2.3482640000
3.39564
2.6300430000
3.45072
0.5796700000
0.5766260000
0.5850700000
2.3683210000
0.4174040000
4.45767
3.9160900000
3.39384
1.7192850000
3.7648160000
4.59177
3.4159
2.3891320000
2.2179190000
0.8375870000
1.4676330000
1.2243630000
3.8718030000
6.5227
3.1229090000
1.2580670000
3.3895940000
