3.99264
3.55536
1.5743230000
1.4999560000
3.9758370000
3.3020020000
0.7496220000
2.8430150000
3.00477
1.5247330000
1.4530980000
3.88011
3.60822
2.7126450000
1.7666950000
4.1167
0.5356900000
4.06251
0.5574980000
2.45963
4.54676
3.8187510000
3.72867
2.57024
6.03851
2.6763610000
4.96071
5.21583
4.58406
3.82584
4.52079
2.91219
4.40064
5.75232
2.4842380000
3.71643
2.18617
1.7049990000
2.8054800000
5.17115
3.50583
3.59704
0.7887320000
4.28392
1.7463300000
4.98375
3.25298
4.6947570000
0.5701250000
1.5850970000
4.43843
0.7938440000
0.3301890000
2.2715490000
4.14476
1.7973000000
1.3588070000
3.92461
3.47332
1.0165900000
2.3879370000
4.93271
3.0553440000
0.0652570000
1.7474740000
3.83921
2.1316040000
2.7891040000
3.49965
2.56431
5.0758
3.3557900000
0.0455340000
3.6148800000
2.4686940000
3.53409
2.9658870000
3.57347
0.6003090000
0.5689300000
0.6095310000
2.3930520000
0.4313020000
4.622
4.0682840000
3.52693
1.8097850000
3.6377130000
4.77289
3.53336
2.1809540000
2.2103640000
0.8795740000
1.7620760000
1.4024950000
4.1324650000
6.87407
3.5627390000
1.3185110000
3.6836500000
