18.4314510000
30.1254
5.2072710000
23.3289
19.7528
22.6333
26.7311260000
24.7132
29.8448
32.4831
27.6959640000
23.2602
16.6394570000
18.5586
23.6705
24.8585
13.9344780000
12.7243500000
0.1001710000
15.7297820000
17.8719840000
18.0343900000
25.9631
17.7369350000
11.3585050000
30.3161
11.0347780000
21.2078
28.734
17.7736810000
29.3625540000
34.1331
24.3469
29.5134
12.9855000000
0.3649750000
31.1319
22.2527
25.0889
30.0971
32.7696820000
18.2767810000
9.2885940000
22.2271
17.3536690000
13.4225140000
14.9340740000
35.0838
14.3531890000
0.1002500000
37.218
28.1414
25.5561
24.0073
22.5
0.3078080000
29.5432140000
31.7072
20.7747880000
20.5419280000
12.3963810000
29.9558
24.6312870000
27.0307
22.6413250000
16.2849590000
15.1339590000
18.9898390000
26.5312
29.8404
38.4866
10.4885240000
30.3295
31.3785
8.4331240000
28.57
28.6467
30.9387
19.8821790000
21.3088550000
23.7585190000
25.8128
7.7492490000
28.1376
19.6544390000
24.3328290000
7.4648520000
28.1625560000
21.2902
14.3798500000
26.2113
14.2973830000
21.6294090000
0.2587960000
12.3891140000
13.7016760000
34.2297
18.3454420000
22.6055200000
29.0565280000
