26.9141360000
31.0835710000
38.9657640000
18.3377410000
24.1363
38.5704240000
26.0049750000
19.8449
20.7807
33.2194580000
26.2544
34.5732580000
2.8823400000
18.8104
18.5338
21.1782
37.0245710000
23.1649900000
34.9117620000
25.9631080000
48.0081580000
30.4443670000
15.4194
24.0833330000
24.8069
35.4371560000
15.2855320000
18.1461
48.6395850000
0.3951980000
60.0691910000
30.8822990000
1.2446460000
26.4623500000
18.6782
21.3023
16.4784
22.2254
27.5937860000
44.4193860000
5.9361460000
25.6963
36.5360140000
28.7326480000
33.0994560000
50.8345530000
22.6315
22.9379350000
21.0405
19.2378
24.8136
23.7764760000
27.2781380000
18.7679
12.2558
45.9331330000
13.2142370000
21.5131
21.9516
18.578
26.4511300000
23.7058
1.2413990000
1.2400340000
28.0744300000
13.3608010000
38.1050340000
21.8181820000
18.4508
11.5661
18.4943
20.9713
26.8331810000
36.2121100000
25.8413610000
31.3997150000
40.3794620000
31.2548750000
38.2439190000
17.2357970000
16.4642
29.1588670000
12.2325180000
18.4849
22.8249
33.8545330000
31.4115550000
23.0907
31.4274850000
45.2027830000
18.6594000000
19.9455
23.1165030000
40.5796080000
11.3387
51.9524830000
0.3939710000
15.6003
33.5699900000
43.0228770000
