2.2468940000
4.72984
3.97938
1.8466670000
3.24809
3.6028910000
1.5753920000
1.7383850000
3.27653
1.5725970000
3.53065
3.8044480000
2.8974790000
2.4583660000
4.9841
3.57338
2.87602
2.3223520000
1.9824010000
2.7861730000
3.67584
4.64976
3.58251
2.3153760000
2.9396420000
4.1544930000
1.4119420000
3.5574360000
3.71049
5.55859
4.6703
3.37919
4.83233
3.45939
4.8428
3.8477
2.90068
1.7775140000
4.4319
3.90013
1.3171180000
2.3050570000
2.6850020000
5.49513
1.7534910000
4.67149
3.66787
1.3740650000
3.81634
3.7980550000
3.0997510000
1.7217810000
5.195
0.5026380000
1.8544980000
1.2624480000
1.5911130000
4.53689
4.25052
1.1184910000
2.1727830000
4.59281
2.3663170000
5.3923
2.9603200000
4.71325
3.1709850000
1.1212710000
2.0057890000
4.80508
5.23266
3.85041
3.0089670000
2.3787690000
2.0380130000
1.4242510000
3.78447
1.3666410000
4.57066
3.8792620000
3.5927230000
3.29107
3.1066340000
3.43113
2.3049110000
0.0693580000
2.2769560000
4.17352
3.41598
3.13539
4.69576
1.1377510000
3.87083
1.8184820000
3.2610380000
2.0858390000
4.38501
3.46926
2.1380680000
2.5720990000
