2.2150880000
4.72293
3.97381
1.8652710000
3.24704
3.6841750000
1.3972020000
1.7414020000
3.27309
1.6541200000
3.53535
3.8707190000
2.8890930000
2.3572350000
4.97734
3.56507
2.86826
2.3812640000
1.9960610000
2.5712000000
3.66407
4.62803
3.57586
2.6597360000
2.9491930000
4.1878170000
1.5077230000
3.3310920000
3.71004
5.54992
4.67282
3.37788
4.83091
3.45999
4.83294
3.84844
2.89701
1.5746100000
4.43572
3.88959
1.3464720000
2.0504030000
2.6794920000
5.49717
1.7617350000
4.66639
3.67039
1.4257510000
3.81968
3.8500080000
3.1035610000
1.8207310000
5.19497
0.5060270000
2.1196230000
1.2412320000
1.4345620000
4.53254
4.2512
1.1342550000
2.0172350000
4.60722
2.4680100000
5.39093
3.0097190000
4.71843
3.2201560000
1.1167280000
1.8997220000
4.79867
5.22872
3.84809
2.9440040000
2.2363320000
1.7608190000
1.2611500000
3.78966
1.5686980000
4.55955
4.0509030000
3.4432240000
3.27572
3.1374140000
3.43729
2.4931930000
0.0692910000
2.3159010000
4.18579
3.41647
3.13616
4.68915
1.1377070000
3.87041
2.1371240000
3.5385680000
2.0026190000
4.38199
3.46624
2.2420110000
2.5391380000
