11.0668860000
11.8239810000
12.5758500000
7.0494960000
24.3293
15.0063100000
10.0044340000
19.9631
20.8856
13.5061890000
26.3118
13.6207420000
1.1200270000
18.9574
18.6014
21.4165
14.0524470000
8.8483450000
11.7290510000
10.0902060000
18.1393250000
8.1052850000
15.4556
8.9489660000
24.9427
13.9230670000
5.9859160000
18.3069
18.2960550000
0.1257290000
23.1272910000
11.6319770000
0.3807010000
10.5722390000
18.7595
21.4181
16.5638
22.367
10.7175990000
17.2258460000
2.3407590000
25.8086
13.7268240000
11.4857920000
12.0974360000
19.6738310000
22.777
7.7209960000
21.1151
19.3648
24.9579
6.0596160000
9.8454120000
18.7952
12.3159
18.0589030000
5.1104500000
21.6377
22.0939
18.6661
8.7449010000
23.8615
0.3840090000
0.3801810000
11.1058640000
5.2073170000
13.2258860000
8.5856380000
18.5232
11.6287
18.6359
21.0602
10.2495910000
13.1353580000
9.1456610000
12.4732960000
15.3802180000
12.2529090000
14.3122210000
6.7278240000
16.5449
11.2029400000
4.7638060000
18.629
22.9612
11.7323570000
12.0881380000
23.1855
12.0300440000
16.5251320000
7.2943320000
19.9926
8.6129290000
14.7029020000
11.3788
19.1733070000
0.1288860000
15.7182
13.0649010000
17.0700200000
