30.9462
14.4621
13.2796250000
13.4158920000
8.5594160000
9.1296470000
26.8158
29.8076
23.3391
13.9569080000
21.3338
16.3819270000
19.4614
18.6880910000
6.4380510000
22.1311
5.8297210000
7.4216390000
12.8044570000
13.5703380000
16.3461
9.5231520000
6.9908840000
6.0856340000
14.0200100000
3.3910820000
21.3882
12.1097750000
11.8862620000
7.7254010000
16.9756120000
9.5270190000
7.7983910000
16.5355850000
7.2460330000
15.7097280000
13.9527150000
13.1077920000
18.3953
13.0662870000
13.9922
3.8355830000
16.7698170000
18.9287640000
15.9852
12.2119570000
21.4252
10.1418750000
11.2512130000
21.3314
16.2584
15.7966660000
22.0906320000
21.112
18.6346000000
8.5608620000
9.1545010000
20.3116
19.6233440000
10.6595200000
19.1035
9.7586080000
11.6400640000
9.1033280000
21.8404
9.7077910000
11.7679850000
13.9841930000
9.5968170000
11.0583660000
10.2647620000
9.7387260000
18.3697520000
21.1997590000
16.7618
21.7473
20.4615670000
11.1716940000
2.1649210000
6.9185990000
34.2874260000
25.1533
13.3851
24.4307
21.1748610000
10.5045250000
3.5004040000
10.2574960000
20.237
13.8529930000
27.1498700000
12.1323780000
25.9676
17.1592
22.3783
13.7895
12.1027520000
14.7042610000
23.8579
11.2023620000
