1 1
2 1
3 0
4 0
5 0
6 0
7 1
8 0
9 0
10 0
11 1
12 1
13 0
14 0
15 0
16 0
17 0
18 0
19 0
20 0
21 1
22 1
23 0
24 0
25 0
26 1
27 1
28 0
29 0
30 0
31 0
32 2
33 0
34 0
35 0
36 1
37 1
38 0
39 0
40 0
41 -1
42 0
43 0
44 0
45 0
46 1
47 1
48 0
49 0
50 0
51 1
52 1
53 0
54 0
55 0
56 0
57 1
58 1
59 0
60 0
61 1
62 1
63 0
64 0
65 0
66 0
67 0
68 0
69 0
70 0
71 1
72 1
73 0
74 0
75 0
76 1
77 1
78 0
79 0
80 0
81 0
82 1
83 1
84 0
85 0
86 1
87 1
88 0
89 0
90 0
91 0
92 2
93 0
94 0
95 0
96 1
97 1
98 0
99 0
100 0
101 1
102 1
103 0
104 0
105 0
106 0
107 1
108 1
109 0
110 0
111 1
112 1
113 0
114 0
115 0
116 0
117 1
118 1
119 0
120 0
121 1
122 1
123 0
124 0
125 0
126 1
127 1
128 0
129 0
130 0
131 0
132 1
133 1
134 0
135 0
136 1
137 1
138 0
139 0
140 0
141 0
142 1
143 2
144 0
145 0
146 1
147 1
148 0
149 0
150 0
151 -3
152 1
153 0
154 0
155 0
156 0
157 1
158 1
159 0
160 0
161 1
162 1
163 0
164 0
165 0
166 0
167 1
168 1
169 0
170 0
171 1
172 1
173 0
174 0
175 0
176 0
177 1
178 0
179 0
180 0
181 0
182 1
183 1
184 0
185 0
186 1
187 1
188 0
189 0
190 0
191 0
192 1
193 1
194 0
195 0
196 1
197 1
198 0
199 0
200 0
201 -1
202 1
203 2
204 0
205 0
206 0
207 1
208 1
209 0
210 0
211 1
212 1
213 0
214 0
215 0
216 0
217 1
218 1
219 0
220 0
221 1
222 1
223 0
224 0
225 0
226 0
227 0
228 1
229 0
230 0
231 0
232 1
233 1
234 0
235 0
236 1
237 1
238 0
239 0
240 0
241 0
242 1
243 1
244 0
245 0
246 1
247 1
248 0
249 0
250 0
251 0
252 -1
253 1
254 2
255 0
256 0
257 1
258 1
259 0
260 0
261 1
262 1
263 0
264 0
265 0
266 0
267 1
268 1
269 0
270 0
271 1
272 1
273 0
274 0
275 0
276 0
277 0
278 1
279 1
280 0
281 0
282 1
283 1
284 0
285 0
286 1
287 1
288 1
289 0
290 0
291 0
292 1
293 1
294 0
295 0
296 1
297 1
298 0
299 0
300 0
301 0
302 -3
303 1
304 1
305 0
306 0
307 1
308 1
309 0
310 0
311 -3
312 1
313 0
314 0
315 0
316 0
317 1
318 1
319 0
320 0
321 1
322 1
323 0
324 0
325 0
326 0
327 0
328 1
329 0
330 0
331 0
332 1
333 1
334 2
335 0
336 0
337 1
338 1
339 0
340 0
341 0
342 1
343 1
344 0
345 0
346 0
347 0
348 1
349 0
350 0
351 0
352 1
353 1
354 0
355 0
356 1
357 1
358 1
359 1
360 0
361 0
362 1
363 1
364 0
365 0
366 0
367 0
368 0
369 0
370 0
371 0
372 0
373 1
374 0
375 0
376 0
377 1
378 1
379 1
380 0
381 -1
382 1
383 1
384 1
385 0
386 0
387 1
388 1
389 0
390 0
391 0
392 -1
393 1
394 0
395 0
396 0
397 0
398 1
399 0
400 0
401 0
402 1
403 1
404 1
405 0
406 0
407 1
408 1
409 1
410 0
411 0
412 1
413 1
414 0
415 0
416 0
417 0
418 1
419 0
420 0
421 0
422 1
423 1
424 1
425 0
426 1
427 1
428 1
429 1
430 0
431 0
432 1
433 1
434 0
435 0
436 0
437 0
438 1
439 0
440 0
441 0
442 0
443 1
444 0
445 0
446 0
447 1
448 1
449 1
450 0
451 -7
452 1
453 1
454 1
455 0
456 0
457 0
458 1
459 0
460 0
461 0
462 0
463 1
464 0
465 0
466 0
467 0
468 1
469 1
470 0
471 0
472 0
473 1
474 1
475 0
476 0
477 1
478 1
479 1
480 0
481 0
482 0
483 -1
484 0
485 0
486 0
487 0
488 1
489 1
490 1
491 0
492 1
493 1
494 1
495 0
496 0
497 0
498 0
499 1
500 0
501 0
502 0
503 1
504 1
505 1
506 0
507 1
508 1
509 1
510 0
511 0
512 0
513 1
514 1
515 4
516 0
517 0
518 1
519 1
520 1
521 0
522 1
523 1
524 1
525 0
526 0
527 0
528 1
529 1
530 1
531 0
532 1
533 1
534 1
535 0
536 0
537 0
538 0
539 1
540 0
541 0
542 0
543 1
544 1
545 1
546 0
547 1
548 1
549 1
550 0
551 0
552 0
553 0
554 1
555 4
556 0
557 0
558 1
559 1
560 1
561 0
562 -7
563 1
564 1
565 0
566 0
567 0
568 1
569 1
570 1
571 0
572 0
573 1
574 1
575 1
576 0
577 0
578 0
579 1
580 0
581 0
582 0
583 1
584 1
585 1
586 0
587 1
588 1
589 1
590 0
591 0
592 0
593 0
594 1
595 4
596 0
597 0
598 1
599 1
600 1
601 0
602 1
603 1
604 1
605 0
606 0
607 0
608 0
609 1
610 1
611 1
612 0
613 1
614 1
615 1
616 0
617 0
618 1
619 1
620 0
621 0
622 0
623 0
624 1
625 1
626 0
627 0
628 1
629 1
630 1
631 0
632 0
633 1
634 1
635 4
636 0
637 0
638 1
639 1
640 1
641 0
642 0
643 1
644 1
645 0
646 0
647 0
648 0
649 1
650 1
651 1
652 0
653 1
654 1
655 1
656 0
657 0
658 1
659 1
660 0
661 0
662 0
663 0
664 1
665 1
666 1
667 0
668 1
669 1
670 1
671 0
672 0
673 0
674 1
675 1
676 2
677 0
678 1
679 1
680 1
681 0
682 1
683 1
684 1
685 0
686 0
687 0
688 0
689 1
690 1
691 0
692 0
693 1
694 1
695 1
696 0
697 0
698 0
699 1
700 1
701 1
702 0
703 1
704 1
705 1
706 0
707 0
708 1
709 1
710 1
711 0
712 0
713 0
714 1
715 1
716 0
717 0
718 1
719 1
720 1
721 0
722 0
723 0
724 1
725 1
726 1
727 0
728 1
729 1
730 1
731 0
732 0
733 -3
734 1
735 1
736 2
737 0
738 0
739 1
740 1
741 0
742 0
743 1
744 1
745 1
746 0
747 0
748 0
749 1
750 1
751 1
752 0
753 1
754 1
755 1
756 0
757 0
758 0
759 1
760 1
761 1
762 0
763 0
764 1
765 1
766 0
767 0
768 1
769 1
770 1
771 0
772 0
773 0
774 1
775 1
776 1
777 0
778 1
779 1
780 1
781 0
782 0
783 -1
784 1
785 1
786 1
787 0
788 0
789 1
790 1
791 0
792 0
793 1
794 1
795 1
796 0
797 0
798 0
799 1
800 1
801 1
802 0
803 1
804 1
805 1
806 0
807 0
808 0
809 1
810 1
811 1
812 0
813 0
814 1
815 1
816 0
817 0
818 1
819 1
820 1
821 1
822 0
823 0
824 1
825 1
826 1
827 0
828 1
829 1
830 1
831 0
832 0
833 0
834 1
835 1
836 1
837 0
838 0
839 1
840 1
841 0
842 0
843 0
844 1
845 1
846 8
847 0
848 1
849 1
850 1
851 1
852 0
853 -3
854 1
855 1
856 0
857 0
858 0
859 1
860 1
861 1
862 0
863 1
864 1
865 1
866 0
867 0
868 0
869 1
870 1
871 1
872 1
873 1
874 1
875 1
876 1
877 0
878 0
879 0
880 1
881 0
882 0
883 0
884 1
885 1
886 1
887 0
888 1
889 1
890 1
891 0
892 0
893 0
894 1
895 1
896 1
897 1
898 1
899 1
900 1
901 1
902 0
903 0
904 1
905 1
906 4
907 0
908 0
909 1
910 1
911 1
912 0
913 1
914 1
915 1
916 0
917 0
918 0
919 1
920 1
921 1
922 1
923 1
924 1
925 1
926 1
927 0
928 0
929 0
930 1
931 1
932 1
933 0
934 1
935 1
936 1
937 0
938 1
939 1
940 1
941 0
942 0
943 0
944 1
945 1
946 1
947 1
948 1
949 1
950 1
951 1
952 0
953 0
954 0
955 1
956 1
957 8
958 0
959 1
960 1
961 1
962 0
963 -1
964 1
965 1
966 0
967 0
968 0
969 1
970 1
971 1
972 1
973 1
974 1
975 1
976 1
977 0
978 0
979 0
980 1
981 1
982 1
983 0
984 1
985 1
986 1
987 0
988 1
989 1
990 1
991 1
992 1
993 -7
994 1
995 1
996 1
997 1
998 0
999 1
1000 1
1001 1
1002 0
1003 0
1004 0
1005 1
1006 8
1007 0
1008 0
1009 1
1010 1
1011 1
1012 0
1013 1
1014 1
1015 1
1016 1
1017 1
1018 0
1019 1
1020 1
1021 1
1022 1
1023 0
1024 1
1025 1
1026 1
1027 0
1028 0
1029 0
1030 1
1031 1
1032 0
1033 0
1034 1
1035 1
1036 1
1037 8
1038 1
1039 1
1040 1
1041 1
1042 1
1043 0
1044 1
1045 1
1046 1
1047 1
1048 0
1049 0
1050 1
1051 1
1052 0
1053 0
1054 1
1055 1
1056 1
1057 0
1058 1
1059 1
1060 1
1061 1
1062 1
1063 -1
1064 1
1065 1
1066 1
1067 1
1068 0
1069 1
1070 1
1071 1
1072 1
1073 0
1074 0
1075 1
1076 1
1077 0
1078 0
1079 1
1080 1
1081 1
1082 1
1083 1
1084 1
1085 1
1086 1
1087 1
1088 0
1089 1
1090 1
1091 1
1092 1
1093 0
1094 -1
1095 1
1096 1
1097 0
1098 0
1099 0
1100 1
1101 1
1102 0
1103 0
1104 1
1105 1
1106 1
1107 1
1108 0
1109 0
1110 1
1111 1
1112 1
1113 1
1114 1
1115 1
1116 1
1117 1
1118 0
1119 0
1120 1
1121 1
1122 0
1123 0
1124 0
1125 1
1126 1
1127 2
1128 0
1129 1
1130 1
1131 1
1132 1
1133 0
1134 0
1135 -7
1136 1
1137 1
1138 1
1139 0
1140 1
1141 1
1142 1
1143 1
1144 1
1145 1
1146 1
1147 1
1148 0
1149 0
1150 1
1151 1
1152 1
1153 1
1154 0
1155 1
1156 1
1157 1
1158 1
1159 0
1160 1
1161 1
1162 1
1163 0
1164 0
1165 1
1166 1
1167 1
1168 1
1169 1
1170 1
1171 1
1172 1
1173 1
1174 0
1175 1
1176 1
1177 1
1178 0
1179 0
1180 1
1181 1
1182 1
1183 1
1184 1
1185 1
1186 1
1187 1
1188 0
1189 0
1190 0
1191 1
1192 1
1193 1
1194 0
1195 1
1196 1
1197 1
1198 1
1199 1
1200 1
1201 1
1202 1
1203 0
1204 0
1205 1
1206 1
1207 1
1208 1
1209 2
1210 1
1211 1
1212 1
1213 1
1214 -1
1215 1
1216 1
1217 1
1218 0
1219 0
1220 1
1221 1
1222 1
1223 1
1224 0
1225 1
1226 1
1227 1
1228 1
1229 0
1230 0
1231 1
1232 1
1233 1
1234 0
1235 1
1236 1
1237 1
1238 1
1239 1
1240 1
1241 1
1242 1
1243 0
1244 0
1245 0
1246 1
1247 1
1248 1
1249 2
1250 1
1251 1
1252 1
1253 1
1254 1
1255 1
1256 1
1257 1
1258 0
1259 0
1260 1
1261 1
1262 1
1263 1
1264 1
1265 1
1266 1
1267 1
1268 1
1269 0
1270 1
1271 1
1272 1
1273 1
1274 0
1275 1
1276 1
1277 1
1278 1
1279 0
1280 1
1281 1
1282 1
1283 1
1284 0
1285 -1
1286 1
1287 1
1288 1
1289 2
1290 1
1291 1
1292 1
1293 1
1294 1
1295 1
1296 1
1297 1
1298 1
1299 0
1300 0
1301 1
1302 1
1303 1
1304 1
1305 1
1306 1
1307 1
1308 1
1309 0
1310 1
1311 1
1312 1
1313 1
1314 0
1315 0
1316 1
1317 1
1318 1
1319 1
1320 1
1321 1
1322 1
1323 1
1324 0
1325 0
1326 1
1327 1
1328 1
1329 1
1330 1
1331 1
1332 1
1333 1
1334 -1
1335 1
1336 1
1337 1
1338 1
1339 8
1340 0
1341 1
1342 1
1343 1
1344 1
1345 1
1346 1
1347 1
1348 1
1349 0
1350 0
1351 1
1352 1
1353 1
1354 1
1355 1
1356 1
1357 1
1358 1
1359 0
1360 0
1361 1
1362 1
1363 1
1364 1
1365 1
1366 1
1367 1
1368 1
1369 1
1370 1
1371 1
1372 1
1373 1
1374 0
1375 0
1376 1
1377 1
1378 1
1379 1
1380 1
1381 1
1382 1
1383 1
1384 0
1385 -1
1386 1
1387 1
1388 1
1389 1
1390 1
1391 1
1392 1
1393 1
1394 1
1395 1
1396 1
1397 1
1398 1
1399 0
1400 0
1401 1
1402 1
1403 1
1404 1
1405 1
1406 1
1407 1
1408 1
1409 0
1410 0
1411 1
1412 1
1413 1
1414 1
1415 1
1416 1
1417 1
1418 1
1419 1
1420 1
1421 1
1422 1
1423 1
1424 1
1425 0
1426 1
1427 1
1428 1
1429 1
1430 1
1431 1
1432 1
1433 1
1434 0
1435 0
1436 1
1437 1
1438 1
1439 1
1440 1
1441 1
1442 1
1443 1
1444 1
1445 1
1446 1
1447 1
1448 1
1449 2
1450 0
1451 1
1452 1
1453 1
1454 1
1455 1
1456 1
1457 1
1458 1
1459 0
1460 0
1461 1
1462 1
1463 1
1464 1
1465 1
1466 1
1467 1
1468 1
1469 1
1470 1
1471 1
1472 1
1473 1
1474 1
1475 1
1476 1
1477 1
1478 1
1479 1
1480 1
1481 1
1482 1
1483 1
1484 0
1485 0
1486 1
1487 1
1488 1
1489 1
1490 1
1491 1
1492 1
1493 1
1494 1
1495 1
1496 1
1497 1
1498 1
1499 1
1500 1
1501 1
1502 1
1503 1
1504 1
1505 1
1506 1
1507 1
1508 1
1509 2
1510 0
1511 1
1512 1
1513 1
1514 1
1515 1
1516 1
1517 1
1518 1
1519 1
1520 0
1521 1
1522 1
1523 1
1524 1
1525 1
1526 1
1527 1
1528 1
1529 1
1530 1
1531 1
1532 1
1533 1
1534 1
1535 1
1536 1
1537 1
1538 1
1539 1
1540 1
1541 1
1542 1
1543 1
1544 1
1545 -1
1546 1
1547 1
1548 1
1549 1
1550 1
1551 1
1552 1
1553 1
1554 1
1555 1
1556 1
1557 1
1558 1
1559 1
1560 2
1561 1
1562 1
1563 1
1564 1
1565 1
1566 1
1567 1
1568 1
1569 1
1570 0
1571 0
1572 1
1573 1
1574 1
1575 1
1576 1
1577 1
1578 1
1579 1
1580 1
1581 1
1582 1
1583 1
1584 1
1585 1
1586 1
1587 1
1588 1
1589 1
1590 1
1591 1
1592 1
1593 1
1594 1
1595 0
1596 -1
1597 1
1598 1
1599 1
1600 1
1601 1
1602 1
1603 1
1604 1
1605 1
1606 1
1607 1
1608 1
1609 1
1610 1
1611 1
1612 1
1613 1
1614 1
1615 1
1616 1
1617 1
1618 1
1619 1
1620 2
1621 0
1622 1
1623 1
1624 1
1625 1
1626 1
1627 1
1628 1
1629 1
1630 1
1631 1
1632 1
1633 1
1634 1
1635 1
1636 1
1637 1
1638 1
1639 1
1640 1
1641 0
1642 1
1643 1
1644 1
1645 1
1646 1
1647 1
1648 1
1649 1
1650 1
1651 1
1652 1
1653 1
1654 1
1655 1
1656 1
1657 1
1658 1
1659 1
1660 1
1661 1
1662 1
1663 1
1664 1
1665 1
1666 1
1667 1
1668 1
1669 1
1670 1
1671 1
1672 1
1673 1
1674 1
1675 1
1676 1
1677 1
1678 1
1679 1
1680 2
1681 1
1682 1
1683 1
1684 1
1685 1
1686 1
1687 1
1688 1
1689 1
1690 1
1691 1
1692 1
1693 1
1694 1
1695 0
1696 1
1697 1
1698 1
1699 1
1700 1
1701 1
1702 1
1703 1
1704 1
1705 1
1706 1
1707 1
1708 1
1709 1
1710 1
1711 2
1712 1
1713 1
1714 1
1715 1
1716 1
1717 1
1718 1
1719 1
1720 1
1721 1
1722 1
1723 1
1724 1
1725 0
1726 1
1727 1
1728 1
1729 1
1730 1
1731 1
1732 1
1733 1
1734 1
1735 1
1736 1
1737 1
1738 1
1739 1
1740 1
1741 1
1742 1
1743 1
1744 1
1745 1
1746 1
1747 1
1748 1
1749 1
1750 1
1751 1
1752 1
1753 1
1754 1
1755 1
1756 0
1757 1
1758 1
1759 1
1760 1
1761 1
1762 1
1763 1
1764 1
1765 1
1766 0
1767 1
1768 1
1769 1
1770 8
1771 1
1772 1
1773 1
1774 1
1775 1
1776 0
1777 1
1778 1
1779 1
1780 1
1781 1
1782 1
1783 1
1784 1
1785 1
1786 1
1787 1
1788 1
1789 1
1790 0
1791 0
1792 1
1793 1
1794 1
1795 1
1796 1
1797 1
1798 1
1799 1
1800 1
1801 1
1802 1
1803 1
1804 1
1805 1
1806 1
1807 1
1808 1
1809 1
1810 1
1811 2
1812 1
1813 1
1814 1
1815 1
1816 0
1817 -3
1818 1
1819 1
1820 1
1821 1
1822 3
1823 1
1824 1
1825 1
1826 2
1827 1
1828 1
1829 1
1830 1
1831 0
1832 1
1833 1
1834 1
1835 1
1836 1
1837 2
1838 1
1839 1
1840 1
1841 1
1842 1
1843 1
1844 1
1845 1
1846 0
1847 1
1848 1
1849 1
1850 1
1851 1
1852 1
1853 1
1854 1
1855 1
1856 1
1857 1
1858 1
1859 1
1860 1
1861 2
1862 3
1863 1
1864 1
1865 1
1866 1
1867 -1
1868 1
1869 1
1870 1
1871 1
1872 1
1873 1
1874 1
1875 1
1876 2
1877 2
1878 1
1879 1
1880 1
1881 1
1882 0
1883 1
1884 1
1885 1
1886 0
1887 1
1888 1
1889 1
1890 1
1891 2
1892 2
1893 1
1894 1
1895 1
1896 1
1897 1
1898 1
1899 1
1900 1
1901 3
1902 1
1903 1
1904 1
1905 1
1906 -2
1907 2
1908 1
1909 1
1910 1
1911 1
1912 1
1913 1
1914 1
1915 1
1916 2
1917 2
1918 1
1919 1
1920 1
1921 1
1922 0
1923 1
1924 1
1925 1
1926 1
1927 1
1928 1
1929 1
1930 1
1931 2
1932 2
1933 1
1934 1
1935 1
1936 1
1937 0
1938 1
1939 1
1940 1
1941 4
1942 1
1943 1
1944 1
1945 1
1946 -2
1947 2
1948 1
1949 1
1950 1
1951 1
1952 1
1953 1
1954 1
1955 1
1956 1
1957 2
1958 1
1959 1
1960 1
1961 1
1962 1
1963 1
1964 1
1965 1
1966 1
1967 1
1968 1
1969 1
1970 1
1971 2
1972 2
1973 1
1974 1
1975 1
1976 1
1977 0
1978 1
1979 1
1980 1
1981 1
1982 2
1983 1
1984 1
1985 1
1986 1
1987 -1
1988 1
1989 1
1990 1
1991 1
1992 2
1993 1
1994 1
1995 1
1996 2
1997 1
1998 1
1999 1
2000 1
2001 1
2002 2
2003 1
2004 1
2005 1
2006 1
2007 2
2008 1
2009 1
2010 1
2011 1
2012 0
2013 1
2014 1
2015 1
2016 1
2017 2
2018 1
2019 1
2020 1
2021 2
2022 1
2023 1
2024 1
2025 1
2026 1
2027 1
2028 1
2029 1
2030 1
2031 1
2032 2
2033 1
2034 1
2035 1
2036 1
2037 1
2038 1
2039 1
2040 1
2041 1
2042 2
2043 1
2044 1
2045 1
2046 2
2047 1
2048 1
2049 1
2050 1
2051 1
2052 1
2053 3
2054 1
2055 1
2056 1
2057 2
2058 1
2059 1
2060 1
2061 1
2062 0
2063 1
2064 1
2065 1
2066 1
2067 2
2068 1
2069 1
2070 1
2071 1
2072 1
2073 1
2074 1
2075 1
2076 1
2077 1
2078 2
2079 1
2080 1
2081 1
2082 2
2083 1
2084 1
2085 1
2086 1
2087 1
2088 1
2089 1
2090 1
2091 1
2092 2
2093 1
2094 1
2095 1
2096 0
2097 1
2098 1
2099 1
2100 1
2101 1
2102 1
2103 2
2104 1
2105 1
2106 1
2107 2
2108 1
2109 1
2110 1
2111 1
2112 0
2113 1
2114 1
2115 1
2116 1
2117 2
2118 1
2119 1
2120 1
2121 1
2122 1
2123 1
2124 1
2125 1
2126 1
2127 1
2128 2
2129 1
2130 1
2131 1
2132 2
2133 1
2134 1
2135 1
2136 1
2137 1
2138 2
2139 1
2140 1
2141 1
2142 2
2143 1
2144 1
2145 1
2146 1
2147 -1
2148 1
2149 1
2150 1
2151 1
2152 1
2153 2
2154 1
2155 1
2156 1
2157 2
2158 1
2159 1
2160 1
2161 1
2162 1
2163 2
2164 1
2165 1
2166 1
2167 2
2168 1
2169 1
2170 1
2171 1
2172 4
2173 1
2174 1
2175 1
2176 1
2177 1
2178 2
2179 1
2180 1
2181 1
2182 2
2183 1
2184 1
2185 1
2186 1
2187 1
2188 2
2189 1
2190 1
2191 1
2192 2
2193 1
2194 1
2195 1
2196 1
2197 2
2198 2
2199 1
2200 1
2201 1
2202 1
2203 2
2204 1
2205 1
2206 1
2207 2
2208 1
2209 1
2210 1
2211 1
2212 1
2213 2
2214 1
2215 1
2216 1
2217 2
2218 1
2219 1
2220 1
2221 1
2222 1
2223 1
2224 1
2225 1
2226 1
2227 1
2228 2
2229 1
2230 1
2231 1
2232 2
2233 1
2234 1
2235 1
2236 1
2237 1
2238 2
2239 1
2240 1
2241 1
2242 2
2243 1
2244 1
2245 1
2246 1
2247 1
2248 2
2249 2
2250 1
2251 1
2252 1
2253 2
2254 1
2255 1
2256 1
2257 2
2258 1
2259 1
2260 1
2261 1
2262 1
2263 2
2264 1
2265 1
2266 1
2267 2
2268 1
2269 1
2270 1
2271 1
2272 1
2273 2
2274 5
2275 1
2276 1
2277 1
2278 2
2279 1
2280 1
2281 1
2282 1
2283 5
2284 1
2285 1
2286 1
2287 1
2288 2
2289 1
2290 1
2291 1
2292 2
2293 1
2294 1
2295 1
2296 1
2297 1
2298 0
2299 1
2300 1
2301 1
2302 1
2303 2
2304 3
2305 1
2306 1
2307 2
2308 2
2309 1
2310 1
2311 1
2312 1
2313 1
2314 1
2315 1
2316 1
2317 1
2318 2
2319 1
2320 1
2321 1
2322 1
2323 2
2324 1
2325 1
2326 1
2327 1
2328 2
2329 2
2330 1
2331 1
2332 2
2333 2
2334 1
2335 1
2336 1
2337 1
2338 1
2339 1
2340 1
2341 1
2342 1
2343 1
2344 1
2345 1
2346 1
2347 1
2348 2
2349 2
2350 1
2351 1
2352 2
2353 2
2354 2
2355 1
2356 1
2357 2
2358 2
2359 1
2360 1
2361 1
2362 1
2363 5
2364 1
2365 1
2366 1
2367 1
2368 -2
2369 1
2370 1
2371 1
2372 1
2373 2
2374 2
2375 1
2376 1
2377 2
2378 2
2379 1
2380 1
2381 1
2382 1
2383 1
2384 1
2385 1
2386 1
2387 1
2388 2
2389 1
2390 1
2391 1
2392 1
2393 1
2394 5
2395 1
2396 1
2397 1
2398 2
2399 2
2400 1
2401 1
2402 2
2403 2
2404 1
2405 1
2406 1
2407 1
2408 2
2409 1
2410 1
2411 1
2412 1
2413 1
2414 1
2415 1
2416 1
2417 1
2418 2
2419 2
2420 1
2421 1
2422 1
2423 2
2424 2
2425 1
2426 1
2427 1
2428 1
2429 1
2430 1
2431 1
2432 1
2433 2
2434 1
2435 1
2436 1
2437 1
2438 2
2439 2
2440 1
2441 1
2442 1
2443 1
2444 2
2445 1
2446 1
2447 1
2448 2
2449 1
2450 1
2451 1
2452 1
2453 1
2454 2
2455 1
2456 1
2457 1
2458 1
2459 2
2460 2
2461 1
2462 1
2463 2
2464 2
2465 1
2466 1
2467 1
2468 1
2469 1
2470 1
2471 1
2472 1
2473 1
2474 2
2475 2
2476 1
2477 1
2478 2
2479 2
2480 1
2481 1
2482 1
2483 1
2484 3
2485 1
2486 1
2487 1
2488 2
2489 2
2490 2
2491 1
2492 1
2493 1
2494 2
2495 1
2496 1
2497 1
2498 1
2499 2
2500 2
2501 1
2502 1
2503 2
2504 2
2505 1
2506 1
2507 1
2508 1
2509 2
2510 1
2511 1
2512 1
2513 1
2514 2
2515 2
2516 1
2517 1
2518 2
2519 2
2520 1
2521 1
2522 1
2523 1
2524 2
2525 1
2526 1
2527 1
2528 1
2529 2
2530 2
2531 1
2532 1
2533 2
2534 2
2535 1
2536 1
2537 1
2538 1
2539 2
2540 2
2541 1
2542 1
2543 1
2544 2
2545 2
2546 1
2547 1
2548 2
2549 2
2550 1
2551 1
2552 1
2553 1
2554 2
2555 2
2556 1
2557 1
2558 2
2559 2
2560 2
2561 1
2562 1
2563 1
2564 1
2565 1
2566 1
2567 1
2568 1
2569 2
2570 2
2571 1
2572 1
2573 2
2574 2
2575 1
2576 1
2577 1
2578 1
2579 1
2580 1
2581 1
2582 1
2583 1
2584 2
2585 2
2586 1
2587 1
2588 -6
2589 2
2590 1
2591 1
2592 1
2593 1
2594 2
2595 2
2596 9
2597 1
2598 1
2599 2
2600 2
2601 1
2602 1
2603 1
2604 2
2605 1
2606 1
2607 1
2608 1
2609 2
2610 2
2611 1
2612 1
2613 2
2614 2
2615 2
2616 1
2617 1
2618 1
2619 -6
2620 2
2621 1
2622 1
2623 1
2624 2
2625 2
2626 1
2627 1
2628 2
2629 2
2630 1
2631 1
2632 1
2633 1
2634 2
2635 2
2636 2
2637 1
2638 1
2639 2
2640 2
2641 1
2642 1
2643 1
2644 1
2645 9
2646 1
2647 1
2648 1
2649 2
2650 2
2651 1
2652 1
2653 1
2654 2
2655 1
2656 1
2657 1
2658 1
2659 2
2660 2
2661 2
2662 1
2663 1
2664 2
2665 2
2666 1
2667 1
2668 1
2669 1
2670 2
2671 2
2672 1
2673 1
2674 2
2675 2
2676 1
2677 1
2678 0
2679 2
2680 1
2681 1
2682 1
2683 1
2684 2
2685 2
2686 2
2687 1
2688 1
2689 2
2690 2
2691 1
2692 1
2693 1
2694 1
2695 2
2696 5
2697 1
2698 1
2699 2
2700 2
2701 1
2702 1
2703 1
2704 2
2705 5
2706 1
2707 1
2708 1
2709 2
2710 2
2711 2
2712 1
2713 1
2714 2
2715 2
2716 1
2717 1
2718 1
2719 1
2720 2
2721 2
2722 1
2723 1
2724 2
2725 2
2726 1
2727 1
2728 1
2729 0
2730 2
2731 1
2732 1
2733 1
2734 2
2735 2
2736 2
2737 1
2738 1
2739 2
2740 2
2741 1
2742 1
2743 1
2744 1
2745 2
2746 2
2747 1
2748 1
2749 2
2750 2
2751 1
2752 1
2753 1
2754 1
2755 2
2756 9
2757 1
2758 1
2759 2
2760 2
2761 2
2762 1
2763 1
2764 2
2765 2
2766 1
2767 1
2768 1
2769 1
2770 2
2771 2
2772 1
2773 1
2774 2
2775 2
2776 1
2777 1
2778 1
2779 -6
2780 2
2781 2
2782 1
2783 1
2784 2
2785 2
2786 1
2787 1
2788 1
2789 2
2790 2
2791 1
2792 1
2793 1
2794 1
2795 2
2796 2
2797 1
2798 1
2799 2
2800 2
2801 1
2802 1
2803 1
2804 1
2805 2
2806 2
2807 1
2808 1
2809 2
2810 2
2811 1
2812 1
2813 1
2814 2
2815 2
2816 1
2817 1
2818 1
2819 1
2820 2
2821 2
2822 1
2823 1
2824 2
2825 2
2826 1
2827 1
2828 1
2829 1
2830 2
2831 2
2832 1
2833 1
2834 2
2835 2
2836 1
2837 1
2838 1
2839 2
2840 2
2841 2
2842 1
2843 1
2844 2
2845 2
2846 2
2847 1
2848 1
2849 0
2850 2
2851 1
2852 1
2853 1
2854 1
2855 2
2856 2
2857 1
2858 1
2859 2
2860 2
2861 1
2862 1
2863 1
2864 1
2865 2
2866 2
2867 9
2868 1
2869 2
2870 2
2871 2
2872 1
2873 1
2874 1
2875 2
2876 1
2877 1
2878 1
2879 1
2880 2
2881 2
2882 1
2883 1
2884 2
2885 2
2886 1
2887 1
2888 1
2889 1
2890 2
2891 2
2892 2
2893 1
2894 2
2895 2
2896 2
2897 1
2898 1
2899 1
2900 2
2901 2
2902 1
2903 1
2904 1
2905 2
2906 2
2907 1
2908 1
2909 2
2910 2
2911 1
2912 1
2913 1
2914 1
2915 2
2916 2
2917 2
2918 1
2919 2
2920 2
2921 2
2922 1
2923 1
2924 1
2925 2
2926 3
2927 1
2928 1
2929 1
2930 2
2931 2
2932 1
2933 1
2934 2
2935 2
2936 1
2937 1
2938 1
2939 1
2940 2
2941 2
2942 2
2943 1
2944 2
2945 2
2946 2
2947 1
2948 1
2949 1
2950 2
2951 2
2952 2
2953 1
2954 1
2955 2
2956 2
2957 1
2958 1
2959 1
2960 2
2961 2
2962 1
2963 1
2964 2
2965 2
2966 2
2967 1
2968 1
2969 0
2970 2
2971 2
2972 2
2973 1
2974 1
2975 2
2976 2
2977 1
2978 1
2979 1
2980 2
2981 2
2982 1
2983 1
2984 2
2985 2
2986 2
2987 2
2988 1
2989 2
2990 2
2991 2
2992 2
2993 1
2994 1
2995 2
2996 2
2997 1
2998 1
2999 1
3000 0
3001 2
3002 1
3003 1
3004 1
3005 2
3006 2
3007 5
3008 1
3009 2
3010 2
3011 2
3012 2
3013 1
3014 1
3015 2
3016 2
3017 1
3018 1
3019 1
3020 2
3021 2
3022 1
3023 1
3024 1
3025 1
3026 2
3027 1
3028 1
3029 1
3030 2
3031 2
3032 2
3033 1
3034 2
3035 2
3036 2
3037 2
3038 1
3039 -2
3040 2
3041 2
3042 1
3043 1
3044 1
3045 2
3046 2
3047 1
3048 1
3049 1
3050 2
3051 2
3052 2
3053 1
3054 2
3055 2
3056 2
3057 2
3058 1
3059 2
3060 2
3061 2
3062 2
3063 1
3064 1
3065 2
3066 2
3067 1
3068 1
3069 1
3070 -2
3071 2
3072 1
3073 1
3074 1
3075 2
3076 2
3077 2
3078 1
3079 1
3080 1
3081 2
3082 2
3083 1
3084 1
3085 2
3086 2
3087 1
3088 1
3089 1
3090 2
3091 2
3092 1
3093 1
3094 1
3095 1
3096 2
3097 2
3098 1
3099 1
3100 2
3101 2
3102 2
3103 1
3104 1
3105 1
3106 2
3107 2
3108 1
3109 1
3110 1
3111 2
3112 2
3113 2
3114 1
3115 2
3116 2
3117 2
3118 1
3119 1
3120 1
3121 2
3122 2
3123 2
3124 1
3125 1
3126 2
3127 2
3128 2
3129 1
3130 2
3131 2
3132 2
3133 1
3134 1
3135 1
3136 2
3137 2
3138 2
3139 1
3140 2
3141 2
3142 2
3143 1
3144 1
3145 1
3146 2
3147 2
3148 1
3149 1
3150 1
3151 2
3152 2
3153 2
3154 1
3155 2
3156 2
3157 2
3158 1
3159 1
3160 1
3161 -6
3162 2
3163 2
3164 1
3165 1
3166 2
3167 2
3168 2
3169 1
3170 2
3171 2
3172 2
3173 1
3174 1
3175 1
3176 2
3177 2
3178 2
3179 1
3180 1
3181 2
3182 2
3183 2
3184 1
3185 2
3186 2
3187 2
3188 1
3189 1
3190 1
3191 2
3192 2
3193 2
3194 1
3195 2
3196 2
3197 2
3198 2
3199 1
3200 0
3201 2
3202 2
3203 1
3204 1
3205 1
3206 2
3207 2
3208 2
3209 1
3210 2
3211 2
3212 2
3213 1
3214 1
3215 1
3216 1
3217 2
3218 2
3219 1
3220 1
3221 2
3222 2
3223 2
3224 1
3225 2
3226 2
3227 2
3228 1
3229 1
3230 1
3231 2
3232 2
3233 2
3234 2
3235 1
3236 2
3237 2
3238 2
3239 1
3240 2
3241 2
3242 2
3243 1
3244 1
3245 1
3246 2
3247 2
3248 2
3249 1
3250 2
3251 2
3252 2
3253 2
3254 1
3255 1
3256 1
3257 2
3258 1
3259 1
3260 1
3261 2
3262 2
3263 2
3264 1
3265 2
3266 2
3267 2
3268 1
3269 1
3270 1
3271 0
3272 2
3273 2
3274 2
3275 1
3276 2
3277 2
3278 2
3279 1
3280 2
3281 2
3282 2
3283 2
3284 1
3285 1
3286 2
3287 2
3288 2
3289 1
3290 2
3291 2
3292 2
3293 2
3294 1
3295 1
3296 1
3297 2
3298 2
3299 2
3300 1
3301 2
3302 2
3303 2
3304 1
3305 1
3306 2
3307 2
3308 3
3309 1
3310 1
3311 2
3312 2
3313 2
3314 1
3315 2
3316 2
3317 2
3318 2
3319 1
3320 1
3321 1
3322 2
3323 2
3324 2
3325 1
3326 2
3327 2
3328 2
3329 1
3330 2
3331 2
3332 2
3333 2
3334 2
3335 1
3336 2
3337 2
3338 2
3339 1
3340 2
3341 2
3342 2
3343 2
3344 1
3345 1
3346 1
3347 2
3348 2
3349 2
3350 1
3351 2
3352 2
3353 2
3354 1
3355 1
3356 2
3357 2
3358 2
3359 2
3360 1
3361 2
3362 2
3363 2
3364 1
3365 2
3366 2
3367 2
3368 2
3369 1
3370 1
3371 1
3372 2
3373 2
3374 2
3375 1
3376 2
3377 2
3378 2
3379 1
3380 1
3381 -2
3382 2
3383 2
3384 2
3385 1
3386 2
3387 2
3388 2
3389 1
3390 2
3391 2
3392 2
3393 2
3394 2
3395 1
3396 1
3397 2
3398 2
3399 2
3400 1
3401 2
3402 2
3403 2
3404 1
3405 1
3406 1
3407 2
3408 2
3409 2
3410 1
3411 2
3412 2
3413 2
3414 1
3415 2
3416 2
3417 2
3418 2
3419 3
3420 1
3421 1
3422 2
3423 2
3424 2
3425 1
3426 2
3427 2
3428 2
3429 1
3430 1
3431 0
3432 2
3433 2
3434 2
3435 1
3436 2
3437 2
3438 2
3439 1
3440 2
3441 2
3442 2
3443 2
3444 2
3445 2
3446 1
3447 2
3448 2
3449 2
3450 1
3451 2
3452 2
3453 2
3454 1
3455 1
3456 1
3457 2
3458 2
3459 2
3460 1
3461 2
3462 2
3463 2
3464 1
3465 1
3466 2
3467 2
3468 2
3469 2
3470 3
3471 1
3472 2
3473 2
3474 2
3475 1
3476 2
3477 2
3478 2
3479 3
3480 1
3481 1
3482 2
3483 2
3484 2
3485 1
3486 2
3487 2
3488 2
3489 1
3490 2
3491 2
3492 2
3493 2
3494 2
3495 2
3496 1
3497 2
3498 2
3499 2
3500 1
3501 2
3502 2
3503 2
3504 2
3505 1
3506 1
3507 2
3508 2
3509 2
3510 1
3511 2
3512 2
3513 2
3514 1
3515 1
3516 2
3517 2
3518 2
3519 2
3520 2
3521 1
3522 2
3523 2
3524 2
3525 1
3526 2
3527 2
3528 2
3529 2
3530 3
3531 1
3532 2
3533 2
3534 2
3535 1
3536 2
3537 2
3538 2
3539 1
3540 1
3541 -2
3542 2
3543 2
3544 2
3545 2
3546 1
3547 2
3548 2
3549 2
3550 1
3551 2
3552 2
3553 2
3554 2
3555 2
3556 1
3557 2
3558 2
3559 2
3560 1
3561 2
3562 2
3563 2
3564 2
3565 1
3566 1
3567 2
3568 2
3569 2
3570 2
3571 1
3572 2
3573 2
3574 2
3575 1
3576 2
3577 2
3578 2
3579 2
3580 2
3581 1
3582 2
3583 2
3584 2
3585 1
3586 2
3587 2
3588 2
3589 2
3590 3
3591 0
3592 2
3593 2
3594 2
3595 2
3596 1
3597 2
3598 2
3599 2
3600 1
3601 2
3602 2
3603 2
3604 2
3605 2
3606 2
3607 2
3608 2
3609 2
3610 2
3611 0
3612 2
3613 2
3614 2
3615 1
3616 1
3617 2
3618 2
3619 2
3620 1
3621 1
3622 2
3623 2
3624 2
3625 1
3626 2
3627 2
3628 2
3629 2
3630 2
3631 2
3632 2
3633 2
3634 2
3635 2
3636 1
3637 2
3638 2
3639 2
3640 1
3641 1
3642 0
3643 2
3644 2
3645 1
3646 1
3647 2
3648 2
3649 2
3650 3
3651 2
3652 2
3653 2
3654 2
3655 2
3656 1
3657 2
3658 2
3659 2
3660 2
3661 1
3662 2
3663 2
3664 2
3665 1
3666 1
3667 2
3668 2
3669 2
3670 1
3671 2
3672 2
3673 2
3674 2
3675 2
3676 2
3677 2
3678 2
3679 2
3680 2
3681 3
3682 2
3683 2
3684 2
3685 2
3686 1
3687 1
3688 2
3689 2
3690 1
3691 1
3692 2
3693 2
3694 2
3695 2
3696 2
3697 2
3698 2
3699 2
3700 2
3701 -2
3702 2
3703 2
3704 2
3705 2
3706 1
3707 2
3708 2
3709 2
3710 1
3711 1
3712 2
3713 2
3714 2
3715 1
3716 1
3717 2
3718 2
3719 2
3720 2
3721 2
3722 2
3723 2
3724 2
3725 2
3726 2
3727 2
3728 2
3729 2
3730 2
3731 0
3732 2
3733 2
3734 2
3735 1
3736 1
3737 1
3738 2
3739 2
3740 2
3741 1
3742 2
3743 2
3744 2
3745 2
3746 1
3747 1
3748 2
3749 2
3750 2
3751 2
3752 1
3753 2
3754 2
3755 2
3756 1
3757 2
3758 2
3759 2
3760 1
3761 1
3762 1
3763 2
3764 2
3765 2
3766 2
3767 2
3768 2
3769 2
3770 2
3771 2
3772 2
3773 2
3774 2
3775 2
3776 1
3777 1
3778 2
3779 2
3780 2
3781 2
3782 2
3783 2
3784 2
3785 2
3786 1
3787 1
3788 2
3789 2
3790 2
3791 9
3792 1
3793 2
3794 2
3795 2
3796 2
3797 2
3798 2
3799 2
3800 2
3801 1
3802 0
3803 2
3804 2
3805 2
3806 2
3807 2
3808 2
3809 2
3810 2
3811 2
3812 2
3813 2
3814 2
3815 2
3816 1
3817 1
3818 2
3819 2
3820 2
3821 2
3822 1
3823 2
3824 2
3825 2
3826 2
3827 2
3828 2
3829 2
3830 2
3831 1
3832 1
3833 2
3834 2
3835 2
3836 2
3837 2
3838 2
3839 2
3840 2
3841 1
3842 0
3843 2
3844 2
3845 2
3846 2
3847 3
3848 2
3849 2
3850 2
3851 2
3852 -2
3853 2
3854 2
3855 2
3856 1
3857 1
3858 2
3859 2
3860 2
3861 2
3862 3
3863 2
3864 2
3865 2
3866 2
3867 1
3868 2
3869 2
3870 2
3871 9
3872 1
3873 2
3874 2
3875 2
3876 2
3877 2
3878 2
3879 2
3880 2
3881 2
3882 1
3883 2
3884 2
3885 2
3886 2
3887 2
3888 2
3889 2
3890 2
3891 2
3892 2
3893 2
3894 2
3895 2
3896 1
3897 1
3898 2
3899 2
3900 2
3901 2
3902 3
3903 2
3904 2
3905 2
3906 2
3907 1
3908 2
3909 2
3910 2
3911 1
3912 1
3913 2
3914 2
3915 2
3916 2
3917 3
3918 2
3919 2
3920 2
3921 2
3922 1
3923 -2
3924 2
3925 2
3926 2
3927 2
3928 2
3929 2
3930 2
3931 2
3932 2
3933 2
3934 2
3935 2
3936 2
3937 1
3938 2
3939 2
3940 2
3941 2
3942 3
3943 2
3944 2
3945 2
3946 2
3947 1
3948 1
3949 2
3950 2
3951 2
3952 3
3953 2
3954 2
3955 2
3956 2
3957 2
3958 2
3959 2
3960 2
3961 2
3962 1
3963 2
3964 2
3965 2
3966 2
3967 3
3968 2
3969 2
3970 2
3971 2
3972 1
3973 0
3974 2
3975 2
3976 2
3977 2
3978 2
3979 2
3980 2
3981 2
3982 0
3983 2
3984 2
3985 2
3986 2
3987 2
3988 2
3989 2
3990 2
3991 2
3992 2
3993 2
3994 2
3995 2
3996 2
3997 2
3998 1
3999 2
4000 2
4001 2
4002 2
4003 2
4004 2
4005 2
4006 2
4007 1
4008 2
4009 2
4010 2
4011 2
4012 2
4013 2
4014 2
4015 2
4016 2
4017 2
4018 2
4019 2
4020 2
4021 2
4022 2
4023 3
4024 2
4025 2
4026 2
4027 2
4028 2
4029 2
4030 2
4031 2
4032 2
4033 2
4034 2
4035 2
4036 2
4037 2
4038 2
4039 2
4040 2
4041 2
4042 2
4043 2
4044 2
4045 2
4046 2
4047 2
4048 2
4049 2
4050 2
4051 2
4052 2
4053 2
4054 2
4055 2
4056 2
4057 2
4058 2
4059 2
4060 2
4061 2
4062 2
4063 2
4064 2
4065 2
4066 2
4067 2
4068 2
4069 2
4070 2
4071 2
4072 2
4073 2
4074 2
4075 2
4076 2
4077 2
4078 2
4079 2
4080 2
4081 2
4082 5
4083 -2
4084 2
4085 2
4086 2
4087 2
4088 2
4089 2
4090 2
4091 2
4092 2
4093 2
4094 2
4095 2
4096 2
4097 2
4098 2
4099 2
4100 2
4101 2
4102 2
4103 2
4104 2
4105 2
4106 2
4107 2
4108 2
4109 2
4110 2
4111 2
4112 2
4113 2
4114 2
4115 2
4116 2
4117 2
4118 2
4119 2
4120 2
4121 2
4122 2
4123 2
4124 2
4125 2
4126 2
4127 2
4128 2
4129 2
4130 2
4131 2
4132 2
4133 1
4134 2
4135 2
4136 2
4137 2
4138 2
4139 2
4140 2
4141 2
4142 8
4143 2
4144 2
4145 2
4146 2
4147 2
4148 2
4149 2
4150 2
4151 2
4152 2
4153 2
4154 2
4155 2
4156 2
4157 2
4158 2
4159 2
4160 2
4161 2
4162 2
4163 2
4164 2
4165 2
4166 2
4167 2
4168 2
4169 2
4170 2
4171 2
4172 2
4173 2
4174 2
4175 2
4176 2
4177 2
4178 2
4179 2
4180 2
4181 2
4182 2
4183 2
4184 2
4185 2
4186 2
4187 2
4188 2
4189 2
4190 2
4191 2
4192 3
4193 6
4194 2
4195 2
4196 2
4197 2
4198 2
4199 2
4200 2
4201 2
4202 2
4203 2
4204 2
4205 2
4206 2
4207 2
4208 2
4209 2
4210 2
4211 2
4212 2
4213 2
4214 2
4215 2
4216 2
4217 2
4218 3
4219 2
4220 2
4221 2
4222 2
4223 2
4224 2
4225 2
4226 2
4227 2
4228 2
4229 2
4230 2
4231 2
4232 2
4233 2
4234 2
4235 2
4236 2
4237 2
4238 2
4239 2
4240 2
4241 2
4242 2
4243 -1
4244 2
4245 2
4246 2
4247 2
4248 2
4249 2
4250 2
4251 2
4252 2
4253 10
4254 2
4255 2
4256 2
4257 2
4258 2
4259 2
4260 2
4261 2
4262 2
4263 4
4264 2
4265 2
4266 2
4267 2
4268 2
4269 2
4270 2
4271 2
4272 2
4273 2
4274 2
4275 2
4276 2
4277 2
4278 1
4279 2
4280 2
4281 2
4282 2
4283 2
4284 2
4285 2
4286 2
4287 2
4288 3
4289 2
4290 2
4291 2
4292 2
4293 2
4294 4
4295 2
4296 2
4297 2
4298 2
4299 2
4300 2
4301 2
4302 2
4303 1
4304 2
4305 2
4306 2
4307 2
4308 3
4309 2
4310 2
4311 2
4312 2
4313 3
4314 2
4315 2
4316 2
4317 2
4318 2
4319 3
4320 2
4321 2
4322 2
4323 2
4324 2
4325 2
4326 2
4327 2
4328 2
4329 2
4330 2
4331 2
4332 2
4333 3
4334 2
4335 2
4336 2
4337 2
4338 2
4339 3
4340 2
4341 2
4342 2
4343 2
4344 2
4345 2
4346 2
4347 2
4348 2
4349 2
4350 2
4351 2
4352 2
4353 6
4354 2
4355 2
4356 2
4357 2
4358 3
4359 2
4360 2
4361 2
4362 2
4363 2
4364 3
4365 2
4366 2
4367 2
4368 2
4369 1
4370 2
4371 2
4372 2
4373 1
4374 2
4375 2
4376 2
4377 2
4378 3
4379 2
4380 2
4381 2
4382 2
4383 3
4384 6
4385 2
4386 2
4387 2
4388 2
4389 2
4390 2
4391 2
4392 2
4393 2
4394 2
4395 2
4396 2
4397 2
4398 2
4399 1
4400 2
4401 2
4402 2
4403 2
4404 1
4405 2
4406 2
4407 2
4408 2
4409 3
4410 2
4411 2
4412 2
4413 2
4414 2
4415 2
4416 2
4417 2
4418 2
4419 3
4420 2
4421 2
4422 2
4423 2
4424 2
4425 2
4426 2
4427 2
4428 2
4429 2
4430 3
4431 2
4432 2
4433 2
4434 3
4435 2
4436 2
4437 2
4438 2
4439 2
4440 2
4441 2
4442 2
4443 2
4444 2
4445 3
4446 2
4447 2
4448 2
4449 3
4450 2
4451 2
4452 2
4453 2
4454 -4
4455 2
4456 2
4457 2
4458 2
4459 2
4460 2
4461 2
4462 2
4463 2
4464 3
4465 2
4466 2
4467 2
4468 2
4469 2
4470 3
4471 2
4472 2
4473 2
4474 3
4475 2
4476 2
4477 2
4478 2
4479 3
4480 2
4481 2
4482 2
4483 2
4484 2
4485 3
4486 2
4487 2
4488 2
4489 3
4490 2
4491 2
4492 2
4493 2
4494 4
4495 2
4496 2
4497 2
4498 2
4499 2
4500 3
4501 2
4502 2
4503 2
4504 3
4505 2
4506 2
4507 2
4508 2
4509 2
4510 3
4511 2
4512 2
4513 2
4514 2
4515 3
4516 2
4517 2
4518 2
4519 3
4520 2
4521 2
4522 2
4523 2
4524 2
4525 3
4526 2
4527 2
4528 2
4529 2
4530 2
4531 2
4532 2
4533 2
4534 3
4535 2
4536 2
4537 2
4538 2
4539 2
4540 3
4541 2
4542 2
4543 2
4544 3
4545 2
4546 2
4547 2
4548 2
4549 2
4550 2
4551 2
4552 2
4553 2
4554 2
4555 3
4556 2
4557 2
4558 2
4559 3
4560 2
4561 2
4562 2
4563 2
4564 2
4565 -5
4566 2
4567 2
4568 2
4569 2
4570 3
4571 2
4572 2
4573 2
4574 3
4575 2
4576 2
4577 2
4578 2
4579 2
4580 3
4581 2
4582 2
4583 2
4584 2
4585 2
4586 2
4587 2
4588 2
4589 3
4590 3
4591 2
4592 2
4593 2
4594 2
4595 3
4596 2
4597 2
4598 2
4599 3
4600 2
4601 2
4602 2
4603 2
4604 2
4605 2
4606 2
4607 2
4608 2
4609 2
4610 2
4611 2
4612 2
4613 2
4614 -5
4615 6
4616 2
4617 2
4618 2
4619 2
4620 3
4621 2
4622 2
4623 2
4624 3
4625 2
4626 2
4627 2
4628 2
4629 2
4630 2
4631 2
4632 2
4633 2
4634 2
4635 2
4636 2
4637 2
4638 2
4639 2
4640 3
4641 3
4642 2
4643 2
4644 2
4645 3
4646 2
4647 2
4648 2
4649 3
4650 2
4651 2
4652 2
4653 2
4654 2
4655 3
4656 2
4657 2
4658 2
4659 2
4660 2
4661 2
4662 2
4663 2
4664 2
4665 -1
4666 10
4667 2
4668 2
4669 2
4670 3
4671 2
4672 2
4673 2
4674 3
4675 2
4676 2
4677 2
4678 2
4679 2
4680 3
4681 2
4682 2
4683 2
4684 2
4685 2
4686 2
4687 2
4688 2
4689 2
4690 2
4691 3
4692 2
4693 2
4694 2
4695 3
4696 2
4697 2
4698 2
4699 3
4700 3
4701 3
4702 2
4703 2
4704 2
4705 3
4706 2
4707 2
4708 2
4709 2
4710 2
4711 2
4712 2
4713 2
4714 2
4715 1
4716 3
4717 2
4718 2
4719 2
4720 3
4721 2
4722 2
4723 2
4724 3
4725 3
4726 6
4727 2
4728 2
4729 2
4730 3
4731 2
4732 2
4733 2
4734 2
4735 2
4736 2
4737 2
4738 2
4739 2
4740 2
4741 3
4742 2
4743 2
4744 2
4745 3
4746 2
4747 2
4748 2
4749 2
4750 3
4751 3
4752 2
4753 2
4754 2
4755 3
4756 2
4757 2
4758 2
4759 2
4760 3
4761 2
4762 2
4763 2
4764 2
4765 2
4766 3
4767 2
4768 2
4769 2
4770 3
4771 2
4772 2
4773 2
4774 -5
4775 3
4776 3
4777 2
4778 2
4779 2
4780 3
4781 2
4782 2
4783 2
4784 2
4785 3
4786 2
4787 2
4788 2
4789 2
4790 2
4791 3
4792 2
4793 2
4794 2
4795 3
4796 2
4797 2
4798 2
4799 2
4800 3
4801 3
4802 2
4803 2
4804 2
4805 3
4806 2
4807 2
4808 2
4809 2
4810 3
4811 3
4812 2
4813 2
4814 2
4815 2
4816 3
4817 2
4818 2
4819 2
4820 3
4821 2
4822 2
4823 2
4824 2
4825 -1
4826 3
4827 2
4828 2
4829 2
4830 3
4831 2
4832 2
4833 2
4834 2
4835 3
4836 3
4837 2
4838 2
4839 2
4840 2
4841 3
4842 2
4843 2
4844 1
4845 3
4846 2
4847 2
4848 2
4849 2
4850 2
4851 3
4852 2
4853 2
4854 2
4855 3
4856 2
4857 2
4858 2
4859 2
4860 2
4861 3
4862 2
4863 2
4864 2
4865 3
4866 3
4867 2
4868 2
4869 2
4870 3
4871 3
4872 2
4873 2
4874 2
4875 2
4876 3
4877 2
4878 2
4879 2
4880 3
4881 2
4882 2
4883 2
4884 2
4885 2
4886 3
4887 2
4888 2
4889 2
4890 3
4891 3
4892 2
4893 2
4894 2
4895 1
4896 3
4897 2
4898 2
4899 2
4900 2
4901 3
4902 2
4903 2
4904 2
4905 3
4906 2
4907 2
4908 2
4909 2
4910 2
4911 3
4912 2
4913 2
4914 2
4915 3
4916 3
4917 3
4918 2
4919 2
4920 3
4921 3
4922 2
4923 2
4924 2
4925 3
4926 2
4927 2
4928 2
4929 2
4930 2
4931 3
4932 2
4933 2
4934 2
4935 2
4936 3
4937 10
4938 2
4939 2
4940 3
4941 3
4942 2
4943 2
4944 2
4945 3
4946 3
4947 2
4948 2
4949 2
4950 2
4951 3
4952 2
4953 2
4954 2
4955 2
4956 3
4957 2
4958 2
4959 2
4960 3
4961 3
4962 3
4963 2
4964 2
4965 3
4966 3
4967 2
4968 2
4969 2
4970 2
4971 2
4972 2
4973 2
4974 2
4975 2
4976 3
4977 2
4978 2
4979 2
4980 2
4981 3
4982 2
4983 2
4984 2
4985 3
4986 3
4987 2
4988 2
4989 2
4990 3
4991 3
4992 2
4993 2
4994 2
4995 2
4996 3
4997 6
4998 2
4999 2
5000 2
