2.1522910000
4.72252
3.97548
1.9396430000
3.2514
3.7245910000
1.5788470000
1.7291940000
3.28244
1.5839470000
3.52771
3.5092360000
2.8724200000
2.4505000000
4.98172
3.57006
2.87068
2.4066850000
2.0461370000
2.7516410000
3.67375
4.63566
3.57524
2.5988510000
2.9350860000
4.0350520000
1.5358760000
3.5798540000
3.71037
5.55087
4.66681
3.38133
4.84214
3.45633
4.8354
3.84617
2.90058
1.6993140000
4.42796
3.89147
1.3665020000
2.1348870000
2.6890340000
5.49437
1.7776030000
4.66617
3.6684
1.3477970000
3.81843
3.8559100000
3.2055490000
1.6745840000
5.19125
0.4928980000
1.9878070000
1.2565840000
1.7538310000
4.52159
4.24482
1.1008070000
1.8972150000
4.59539
2.2992460000
5.3748
3.0740380000
4.70627
3.0240930000
1.1542890000
2.0112570000
4.79848
5.22292
3.84526
2.9051050000
2.0192170000
2.1913790000
1.3015770000
3.78446
1.5360640000
4.55851
3.8987940000
3.4491650000
3.27372
3.3810580000
3.43071
2.1332790000
0.0694750000
2.3431490000
4.17248
3.41166
3.13444
4.6871
1.1339450000
3.86922
1.9935780000
3.2375300000
2.0231520000
4.38469
3.46666
2.1035180000
2.6665520000
