minEval_bf_r minEval_bf_r_2 minEval_ga
-200 -200 -200
49.5 49.5 49.5
-200 -200 -200
34.8333 46.8333 34.8333
233 249 233
29.6667 101.667 29.6667
26.9167 20.9167 20.9167
1.5 1.5 1.5
9 17 9
24.5 24.5 24.5
90.9167 90.9167 90.9167
108 108 108
0 12 0
-200 -200 -200
144.917 162.917 144.917
188 188 188
12.5 12.5 12.5
10.25 16.25 10.25
62.9167 102.917 62.9167
4.91667 46.9167 4.91667
18.75 18.75 18.75
40.9167 46.9167 40.9167
-200 -200 -200
-200 -200 -200
18.8333 30.8333 18.8333
50 66 50
-200 -200 -200
-200 -200 -200
280.25 280.25 280.25
-200 -200 -200
-200 -200 -200
45.6667 69.6667 45.6667
27 27 27
2.25 26.25 2.25
172.917 184.917 172.917
48.9167 48.9167 48.9167
-200 -200 -200
16.9167 40.9167 16.9167
4.91667 4.91667 4.91667
104 104 104
6 14 0
403.933 403.933 403.933
2.66667 8.66667 2.66667
13.6667 37.6667 13.6667
-200 -200 -200
80 92 80
-200 -200 -200
-200 -200 -200
-200 -200 -200
-200 -200 -200
168.917 168.917 168.917
5.66667 29.6667 5.66667
-200 -200 -200
-200 -200 -200
304.25 304.25 304.25
-200 -200 -200
281.667 281.667 281.667
-200 -200 -200
-200 -200 -200
-200 -200 -200
44.6667 40.6667 2.66667
-200 -200 -200
-200 -200 -200
-200 -200 -200
4.91667 22.9167 4.91667
33.3333 33.3333 33.3333
-200 -200 -200
4.91667 10.9167 4.91667
2.66667 84.6667 2.66667
3 35 3
2.25 2.25 2.25
3 9 3
-200 -200 -200
10.9167 10.9167 10.9167
-200 -200 -200
2.25 2.25 2.25
-200 -200 -200
5.66667 77.6667 5.66667
-200 -200 -200
308.25 308.25 308.25
-200 -200 -200
-200 -200 -200
-200 -200 -200
34.25 40.25 34.25
-200 -200 -200
171 203 171
11 11 11
11 11 11
-200 -200 -200
104.25 134.25 104.25
176.25 176.25 176.25
106.917 106.917 106.917
37.6667 37.6667 37.6667
-200 -200 -200
-200 -200 -200
-200 -200 -200
-200 -200 -200
148.25 148.25 148.25
-200 -200 -200
10.25 16.25 10.25
71 71 71
12.9167 12.9167 12.9167
18.75 18.75 18.75
-200 -200 -200
16.9167 24.9167 16.9167
124.25 142.25 124.25
142.917 172.917 142.917
36.9167 36.9167 36.9167
61.6667 61.6667 61.6667
4.91667 4.91667 4.91667
76.9167 92.9167 76.9167
-200 -200 -200
40.25 40.25 40.25
4.91667 4.91667 4.91667
20.9167 20.9167 20.9167
-200 -200 -200
86.9167 86.9167 86.9167
26.25 44.25 26.25
2.66667 34.6667 2.66667
30 30 30
54.9167 54.9167 54.9167
10.6667 10.6667 10.6667
-200 -200 -200
-200 -200 -200
-200 -200 -200
-200 -200 -200
20.9167 20.9167 20.9167
3 17 3
10.6667 46.6667 10.6667
4.91667 80.9167 4.91667
22.25 22.25 22.25
6 8 0
-200 -200 -200
8.66667 20.6667 2.66667
124.917 160.917 124.917
60.75 60.75 60.75
-200 -200 -200
27 35 27
186 186 186
8.66667 8.66667 8.66667
80 80 80
91.6667 91.6667 91.6667
-200 -200 -200
-200 -200 -200
-200 -200 -200
24.9167 24.9167 24.9167
131 131 131
-200 -200 -200
4.91667 4.91667 4.91667
0 0 0
296 296 296
26.6667 26.6667 26.6667
-200 -200 -200
2.66667 14.6667 2.66667
20.9167 20.9167 20.9167
45.6667 45.6667 45.6667
-200 -200 -200
132.917 138.917 132.917
42.6667 42.6667 42.6667
148.667 148.667 148.667
16.9167 22.9167 4.91667
10.9167 4.91667 4.91667
-200 -200 -200
5.5 5.5 5.5
26 26 26
44.9167 50.9167 44.9167
21.6667 21.6667 21.6667
4.91667 10.9167 4.91667
233 239 233
194.917 194.917 194.917
-200 -200 -200
43.6667 43.6667 43.6667
161 161 161
4.91667 4.91667 4.91667
144.917 144.917 144.917
-200 -200 -200
229.5 229.5 229.5
-200 -200 -200
-200 -200 -200
6.75 24.75 6.75
6 12 6
-200 -200 -200
62.9167 62.9167 62.9167
2.66667 8.66667 2.66667
10.25 16.25 10.25
5.66667 5.66667 5.66667
163.667 163.667 163.667
76.9167 76.9167 76.9167
-200 -200 -200
-200 -200 -200
68.9167 68.9167 68.9167
27 39 27
-200 -200 -200
-200 -200 -200
53.6667 53.6667 53.6667
240.917 240.917 240.917
-200 -200 -200
61.6667 85.6667 61.6667
8.25 2.25 2.25
75 75 75
19.6667 5.66667 5.66667
184.917 190.917 184.917
-200 -200 -200
-200 -200 -200
13.6667 13.6667 13.6667
4.91667 10.9167 4.91667
-200 -200 -200
5.66667 13.6667 5.66667
-200 -200 -200
20.9167 20.9167 20.9167
206 254 206
8.25 2.25 2.25
-200 -200 -200
18.8333 54.8333 18.8333
17.6667 17.6667 17.6667
-200 -200 -200
2.25 2.25 2.25
24 24 24
36 -200 -200
88.6667 82.6667 82.6667
-200 -200 -200
-200 -200 -200
230.917 230.917 230.917
-200 -200 -200
8 14 0
56 74 56
262.917 262.917 262.917
2.66667 14.6667 2.66667
-200 -200 -200
8.66667 8.66667 2.66667
36 36 36
147.667 147.667 147.667
16.6667 16.6667 16.6667
-200 -200 -200
11.6667 11.6667 11.6667
-200 -200 -200
50.6667 50.6667 50.6667
65 65 65
-200 -200 -200
-200 -200 -200
464.667 464.667 464.667
12.9167 12.9167 12.9167
20.9167 20.9167 20.9167
20.9167 32.9167 20.9167
206.667 230.667 206.667
90.9167 90.9167 90.9167
206.667 206.667 206.667
-200 -200 -200
5.66667 5.66667 5.66667
-200 -200 -200
-200 -200 -200
-200 -200 -200
64.25 -200 -200
-200 -200 -200
-200 -200 -200
-200 -200 -200
-200 -200 -200
0 0 0
2.66667 14.6667 2.66667
-200 -200 -200
16.6667 28.6667 2.66667
-200 -200 -200
-200 -200 -200
-200 -200 -200
232.917 232.917 232.917
-200 -200 -200
0 0 0
99 99 99
4.91667 26.9167 4.91667
4.91667 4.91667 4.91667
-200 -200 -200
-200 -200 -200
160.25 160.25 160.25
-200 -200 -200
16.25 20.25 8.25
-200 -200 -200
-200 -200 -200
-200 -200 -200
-200 -200 -200
-200 -200 -200
-200 -200 -200
102.917 102.917 102.917
-200 -200 -200
12.9167 18.9167 12.9167
-200 -200 -200
-200 -200 -200
59 83 59
27.6667 27.6667 27.6667
4.91667 10.9167 4.91667
-200 -200 -200
8.25 2.25 2.25
-200 -200 -200
185.5 185.5 185.5
69.6667 81.6667 69.6667
-200 -200 -200
269.667 269.667 269.667
-200 -200 -200
-200 -200 -200
-200 -200 -200
85.5 85.5 85.5
60 104 60
227 227 227
299 299 299
18 18 18
40.6667 40.6667 40.6667
37.6667 57.6667 37.6667
-200 -200 -200
60 60 60
146.667 146.667 146.667
179.667 203.667 179.667
26.9167 26.9167 20.9167
-200 -200 -200
69.6667 69.6667 69.6667
0 6 0
181.667 187.667 181.667
22.25 178.25 22.25
117.667 129.667 117.667
190.25 190.25 190.25
0.666667 0.666667 0.666667
-200 -200 -200
132.917 138.917 132.917
-200 -200 -200
14 14 8
4.91667 4.91667 4.91667
56.25 80.25 56.25
88.9167 166.917 88.9167
10.9167 10.9167 4.91667
-200 -200 -200
153 225 153
-200 -200 -200
-200 -200 -200
67.6667 67.6667 67.6667
-200 -200 -200
44.9167 44.9167 44.9167
-200 -200 -200
104 152 104
0 0 0
22.25 22.25 22.25
130.25 130.25 130.25
8.66667 8.66667 8.66667
144.917 180.917 144.917
-200 -200 -200
-200 -200 -200
21.6667 21.6667 21.6667
-200 -200 -200
228 228 228
-200 -200 -200
22.25 22.25 22.25
198.917 198.917 198.917
4.91667 4.91667 4.91667
10.25 10.25 10.25
10.6667 16.6667 10.6667
109.667 109.667 109.667
18.9167 24.9167 18.9167
-200 -200 -200
-200 -200 -200
50 86 50
-200 -200 -200
22.6667 22.6667 22.6667
0.666667 0.666667 0.666667
-200 -200 -200
26.75 32.75 26.75
0 0 0
6 24 6
40.9167 46.9167 40.9167
106.667 106.667 106.667
59 59 59
10.25 38.25 10.25
0 8 0
98.25 188.25 98.25
-200 -200 -200
-200 -200 -200
26.25 34.25 26.25
-200 -200 -200
-200 -200 -200
32 44 6
-200 -200 -200
-200 -200 -200
13.6667 21.6667 13.6667
65 65 65
2.25 64.25 2.25
-200 -200 -200
68.9167 104.917 68.9167
99 129 99
5.66667 21.6667 5.66667
190.25 190.25 190.25
10.25 28.25 10.25
3 3 3
75.6667 -200 -200
-200 -200 -200
-200 -200 -200
-200 -200 -200
-200 -200 -200
4.91667 4.91667 4.91667
16.25 46.25 16.25
155 155 155
4.91667 12.9167 4.91667
70.8333 70.8333 70.8333
-200 -200 -200
-200 -200 -200
-200 -200 -200
-200 -200 -200
10.25 10.25 10.25
8.25 26.25 2.25
16.6667 10.6667 10.6667
30 42 30
35 35 35
35.6667 29.6667 5.66667
-200 -200 -200
172.667 208.667 172.667
4.91667 10.9167 4.91667
-200 -200 -200
10 10 10
48.9167 48.9167 48.9167
2.25 2.25 2.25
27.6667 99.6667 27.6667
4.75 4.75 4.75
92 92 92
-200 -200 -200
13.6667 13.6667 13.6667
-200 -200 -200
68.25 98.25 68.25
-200 -200 -200
20.6667 20.6667 20.6667
1 5 1
-200 -200 -200
206.25 206.25 206.25
-200 -200 -200
-200 -200 -200
26.9167 80.9167 26.9167
66.6667 66.6667 66.6667
-200 -200 -200
29.6667 29.6667 29.6667
-200 -200 -200
113 131 113
8.66667 2.66667 2.66667
13.6667 19.6667 13.6667
154.25 154.25 154.25
26.25 34.25 26.25
237.667 237.667 237.667
8.66667 8.66667 2.66667
11 11 11
58.25 76.25 58.25
66 66 66
8.66667 24.6667 2.66667
-200 -200 -200
9 33 3
80.6667 92.6667 80.6667
18 18 18
8.66667 20.6667 2.66667
29.3333 29.3333 29.3333
-200 -200 -200
34.8333 46.8333 34.8333
-200 -200 -200
-200 -200 -200
-200 -200 -200
132.917 168.917 132.917
-200 -200 -200
-200 -200 -200
10.9167 4.91667 4.91667
139.667 139.667 139.667
40.9167 48.9167 40.9167
5.66667 5.66667 5.66667
-200 -200 -200
10.25 16.25 10.25
40.9167 40.9167 40.9167
4.91667 10.9167 4.91667
134.25 134.25 134.25
91.3333 91.3333 91.3333
225 225 225
105 105 105
5.66667 5.66667 5.66667
-200 -200 -200
-200 -200 -200
44.6667 44.6667 44.6667
-200 -200 -200
-200 -200 -200
16.9167 16.9167 16.9167
-200 -200 -200
200.25 200.25 200.25
-200 -200 -200
91.6667 91.6667 91.6667
-200 -200 -200
-200 -200 -200
6 8 0
10.9167 16.9167 4.91667
64.9167 70.9167 64.9167
12 12 12
-200 -200 -200
208.667 208.667 208.667
-200 -200 -200
-200 -200 -200
224 278 224
8.25 8.25 2.25
4.91667 10.9167 4.91667
187.667 187.667 187.667
10.25 34.25 10.25
48 60 48
11.6667 35.6667 5.66667
-200 -200 -200
28.6667 28.6667 28.6667
-200 -200 -200
-200 -200 -200
3 59 3
-200 -200 -200
89.3333 89.3333 89.3333
130.917 130.917 130.917
-200 -200 -200
-200 -200 -200
701.65 701.65 701.65
28.9167 40.9167 28.9167
-200 -200 -200
91.6667 91.6667 91.6667
12.9167 24.9167 12.9167
192.667 192.667 192.667
46.9167 54.9167 46.9167
-200 -200 -200
-200 -200 -200
34.25 130.25 34.25
-200 -200 -200
-200 -200 -200
14 66 14
20.9167 26.9167 20.9167
5.33333 59.3333 5.33333
224.917 224.917 224.917
-200 -200 -200
0.75 0.75 0.75
-200 -200 -200
-200 -200 -200
17 17 17
5.66667 19.6667 5.66667
206.25 212.25 206.25
2 2 2
-200 -200 -200
-200 -200 -200
-200 -200 -200
417 417 417
20.6667 32.6667 20.6667
119.333 119.333 119.333
46.6667 46.6667 46.6667
67.6667 91.6667 67.6667
5.66667 5.66667 5.66667
63 99 63
-200 -200 -200
-200 -200 -200
-200 -200 -200
52.9167 52.9167 52.9167
9 65 9
3 3 3
38.8333 38.8333 38.8333
186 186 186
10.9167 70.9167 4.91667
489.733 669.733 459.733
5.66667 5.66667 5.66667
-200 -200 -200
2.66667 32.6667 2.66667
5.66667 19.6667 5.66667
74.25 74.25 74.25
48 48 48
104 104 104
-200 -200 -200
-200 -200 -200
20.9167 38.9167 20.9167
-200 -200 -200
5.66667 17.6667 5.66667
35 35 35
-200 -200 -200
266.25 266.25 266.25
-200 -200 -200
0.75 0.75 0.75
20.9167 4.91667 4.91667
-200 -200 -200
2.66667 14.6667 2.66667
11.6667 5.66667 5.66667
-200 -200 -200
-200 -200 -200
-200 -200 -200
4.91667 130.917 4.91667
32.9167 10.9167 4.91667
202.917 202.917 202.917
218.25 278.25 218.25
100.667 130.667 100.667
178.917 220.917 178.917
-200 -200 -200
84.9167 174.917 84.9167
4.91667 4.91667 4.91667
14 26 14
106.25 124.25 106.25
4.91667 4.91667 4.91667
68.9167 68.9167 68.9167
12.9167 18.9167 12.9167
68 68 68
4.91667 30.9167 4.91667
-200 -200 -200
13.5 13.5 13.5
-200 -200 -200
-200 -200 -200
4.91667 20.9167 4.91667
-200 -200 -200
170 170 170
141.667 141.667 141.667
-200 -200 -200
2.66667 16.6667 2.66667
72.6667 72.6667 72.6667
-200 -200 -200
-200 -200 -200
10.25 16.25 10.25
44.9167 44.9167 44.9167
48 48 48
-200 -200 -200
-200 -200 -200
26.25 34.25 26.25
20.9167 56.9167 20.9167
0 12 0
2.66667 8.66667 2.66667
284.917 284.917 284.917
252.917 468.917 252.917
-200 -200 -200
-200 -200 -200
108 108 108
77.6667 203.667 77.6667
46.9167 64.9167 46.9167
2.25 10.25 2.25
54 54 54
38.6667 38.6667 38.6667
-200 -200 -200
58.25 70.25 58.25
-200 -200 -200
2 10 2
-200 -200 -200
36.9167 36.9167 36.9167
44.6667 44.6667 44.6667
-200 -200 -200
10.9167 10.9167 10.9167
-200 -200 -200
-200 -200 -200
60.6667 60.6667 60.6667
141.667 141.667 141.667
18.9167 72.9167 18.9167
8.66667 8.66667 8.66667
80.9167 80.9167 80.9167
-200 -200 -200
-200 -200 -200
-200 -200 -200
20.9167 20.9167 20.9167
-200 -200 -200
202.917 214.917 202.917
72.6667 72.6667 72.6667
-200 -200 -200
50 50 50
12.9167 36.9167 12.9167
5.66667 11.6667 5.66667
9 9 9
147.667 147.667 147.667
-200 -200 -200
3 27 3
172.917 172.917 172.917
226.917 550.917 226.917
104.667 116.667 104.667
24.9167 30.9167 24.9167
82.6667 82.6667 82.6667
4.91667 10.9167 4.91667
26.25 44.25 26.25
-200 -200 -200
78.8333 78.8333 78.8333
24.75 24.75 24.75
-200 -200 -200
0.5 0.5 0.5
-200 -200 -200
-200 -200 -200
18 18 0
-200 -200 -200
222 222 222
-200 -200 -200
124.917 130.917 124.917
5.66667 17.6667 5.66667
74.6667 122.667 74.6667
37.6667 61.6667 37.6667
-200 -200 -200
-200 -200 -200
20.9167 20.9167 20.9167
76.6667 76.6667 76.6667
16.6667 16.6667 16.6667
-200 -200 -200
200 248 200
4.91667 10.9167 4.91667
-200 -200 -200
162.667 180.667 162.667
2.75 2.75 2.75
112.667 112.667 112.667
-200 -200 -200
322.917 322.917 322.917
11.6667 173.667 11.6667
244.917 244.917 244.917
-200 -200 -200
50.25 50.25 50.25
8.66667 8.66667 8.66667
-200 -200 -200
-200 -200 -200
-200 -200 -200
80.25 110.25 80.25
10.9167 10.9167 4.91667
-200 -200 -200
63.3333 63.3333 63.3333
-200 -200 -200
10.25 10.25 10.25
-200 -200 -200
-200 -200 -200
-200 -200 -200
-200 -200 -200
170.25 170.25 170.25
-200 -200 -200
4.91667 10.9167 4.91667
-200 -200 -200
38.25 56.25 38.25
56 56 24
42.6667 42.6667 42.6667
-200 -200 -200
12.9167 12.9167 12.9167
-200 -200 -200
-200 -200 -200
16.9167 28.9167 16.9167
0 0 0
70.25 106.25 70.25
10.25 26.25 10.25
120.667 156.667 120.667
16.9167 22.9167 16.9167
76.9167 76.9167 76.9167
-200 -200 -200
-200 -200 -200
-200 -200 -200
33 33 33
-200 -200 -200
-200 -200 -200
8.66667 20.6667 8.66667
55.3333 55.3333 55.3333
12.9167 10.9167 4.91667
-200 -200 -200
133.667 133.667 133.667
-200 -200 -200
20.9167 20.9167 20.9167
37.6667 37.6667 37.6667
204.917 294.917 204.917
142.25 142.25 142.25
174 222 174
-200 -200 -200
236.25 236.25 236.25
5.66667 13.6667 5.66667
-200 -200 -200
13.6667 11.6667 5.66667
84.9167 84.9167 84.9167
4.91667 4.91667 4.91667
94.25 94.25 94.25
144.917 144.917 144.917
-200 -200 -200
206 206 206
8.25 8.25 2.25
65.6667 65.6667 53.6667
-200 -200 -200
-200 -200 -200
10.9167 10.9167 4.91667
30 42 30
18.6667 18.6667 18.6667
-200 -200 -200
5.66667 13.6667 5.66667
92.9167 98.9167 92.9167
-200 -200 -200
-200 -200 -200
22.25 22.25 22.25
-200 -200 -200
10.9167 4.91667 4.91667
130.25 142.25 130.25
16.9167 16.9167 4.91667
2.66667 8.66667 2.66667
-200 -200 -200
-200 -200 -200
18.6667 30.6667 18.6667
-200 -200 -200
46.75 52.75 46.75
0 0 0
-200 -200 -200
66.6667 78.6667 66.6667
0.75 0.75 0.75
0 8 0
5.66667 17.6667 5.66667
17 17 17
20.9167 26.9167 20.9167
189.667 213.667 189.667
132.917 132.917 132.917
226.25 226.25 226.25
38.25 74.25 38.25
11.6667 11.6667 11.6667
116.917 128.917 116.917
-200 -200 -200
48 48 48
171 171 171
-200 -200 -200
13.6667 13.6667 13.6667
307.667 307.667 307.667
-200 -200 -200
-200 -200 -200
50 54 50
114.833 114.833 114.833
-200 -200 -200
-200 -200 -200
90.9167 90.9167 90.9167
10.25 16.25 10.25
-200 -200 -200
12.9167 12.9167 12.9167
65 137 65
229.667 229.667 229.667
-200 -200 -200
12.9167 28.9167 4.91667
139.667 139.667 139.667
66.9167 66.9167 66.9167
13.6667 21.6667 13.6667
134.25 134.25 134.25
34.25 40.25 34.25
5.66667 13.6667 5.66667
11 35 11
16.6667 16.6667 10.6667
8 14 8
17.6667 17.6667 17.6667
56.9167 50.9167 4.91667
18.75 18.75 18.75
51 51 51
-200 -200 -200
4.91667 10.9167 4.91667
5.66667 5.66667 5.66667
42.9167 42.9167 42.9167
164.917 164.917 164.917
414 414 414
326.25 326.25 326.25
-200 -200 -200
5.66667 11.6667 5.66667
-200 -200 -200
40.9167 40.9167 40.9167
-200 -200 -200
-200 -200 -200
-200 -200 -200
4.91667 32.9167 4.91667
-200 -200 -200
-200 -200 -200
10.9167 44.9167 4.91667
10.25 46.25 10.25
10.6667 58.6667 10.6667
66.9167 66.9167 66.9167
2.25 16.25 2.25
4.91667 4.91667 4.91667
273 345 273
2.25 2.25 2.25
258 258 258
-200 -200 -200
-200 -200 -200
258.667 258.667 258.667
76.9167 82.9167 76.9167
44.9167 44.9167 44.9167
11.6667 27.6667 11.6667
27.6667 27.6667 27.6667
72.6667 90.6667 72.6667
-200 -200 -200
14.25 16.25 2.25
-200 -200 -200
1038.98 668.983 638.983
-200 -200 -200
11 11 11
5.66667 5.66667 5.66667
162 162 162
-200 -200 -200
22.25 22.25 22.25
84.9167 144.917 84.9167
64.9167 64.9167 64.9167
16.9167 50.9167 16.9167
-200 -200 -200
-200 -200 -200
18.75 18.75 18.75
37.6667 37.6667 37.6667
8.66667 8.66667 8.66667
275 275 275
-200 -200 -200
-200 -200 -200
218.25 218.25 218.25
54 54 54
70.25 106.25 70.25
36 36 36
-200 -200 -200
77.6667 77.6667 77.6667
-200 -200 -200
2.75 12.75 2.75
-200 -200 -200
-200 -200 -200
-200 -200 -200
9 35 3
11 17 11
13.6667 13.6667 13.6667
243 243 243
8 8 8
82.25 104.25 82.25
130.917 130.917 130.917
80.9167 80.9167 80.9167
58.9167 58.9167 58.9167
85.6667 115.667 85.6667
34.75 34.75 34.75
52.9167 58.9167 52.9167
36.75 36.75 36.75
2.25 14.25 2.25
-200 -200 -200
4.91667 12.9167 4.91667
71.3333 71.3333 71.3333
470.4 500.4 470.4
-200 -200 -200
2.66667 2.66667 2.66667
8.66667 8.66667 8.66667
42.9167 42.9167 42.9167
170.833 170.833 170.833
0 0 0
-200 -200 -200
141.667 141.667 141.667
139.667 139.667 139.667
10.9167 4.91667 4.91667
32.9167 32.9167 32.9167
-200 -200 -200
2.66667 2.66667 2.66667
59.6667 59.6667 59.6667
56 132 56
-200 -200 -200
24.9167 24.9167 24.9167
61.3333 61.3333 61.3333
58.6667 96.6667 58.6667
57.3333 57.3333 57.3333
-200 -200 -200
26.25 86.25 26.25
-200 -200 -200
0 68 0
134.667 134.667 134.667
34.6667 70.6667 34.6667
-200 -200 -200
186.917 186.917 186.917
138 138 138
-200 -200 -200
-200 -200 -200
8.66667 8.66667 2.66667
238.25 298.25 238.25
5.66667 19.6667 5.66667
90.9167 90.9167 90.9167
-200 -200 -200
256.667 256.667 256.667
90 90 90
-200 -200 -200
26 18 6
-200 -200 -200
24 80 24
132.917 150.917 132.917
2.66667 2.66667 2.66667
-200 -200 -200
46.9167 54.9167 46.9167
90.9167 108.917 90.9167
50 50 50
76.6667 76.6667 76.6667
0 0 0
1.33333 7.33333 1.33333
18.6667 18.6667 18.6667
-200 -200 -200
-200 -200 -200
-200 -200 -200
208.917 226.917 208.917
53.6667 131.667 53.6667
44.75 44.75 44.75
46.25 64.25 46.25
-200 -200 -200
22.25 28.25 22.25
-200 -200 -200
-200 -200 -200
141.667 141.667 141.667
24.6667 24.6667 18.6667
76.9167 94.9167 76.9167
11.6667 11.6667 11.6667
-200 86 0
54.9167 48.9167 36.9167
82.25 82.25 82.25
-200 -200 -200
-200 -200 -200
62.25 70.25 62.25
-200 -200 -200
-200 -200 -200
5.66667 5.66667 5.66667
10.25 22.25 2.25
8.25 16.25 8.25
4.91667 28.9167 4.91667
2.25 22.25 2.25
149.5 149.5 149.5
14 14 14
308.25 350.25 308.25
-200 -200 -200
-200 -200 -200
-200 -200 -200
-200 -200 -200
28.25 46.25 2.25
-200 -200 -200
36.9167 54.9167 36.9167
