-200
49.5
-200
46.8333
249
101.667
20.9167
1.5
17
24.5
90.9167
108
12
-200
162.917
188
12.5
16.25
102.917
46.9167
18.75
46.9167
-200
-200
30.8333
66
-200
-200
280.25
-200
-200
69.6667
27
26.25
184.917
48.9167
-200
40.9167
4.91667
104
14
403.933
8.66667
37.6667
-200
92
-200
-200
-200
-200
168.917
29.6667
-200
-200
304.25
-200
281.667
-200
-200
-200
40.6667
-200
-200
-200
22.9167
33.3333
-200
10.9167
84.6667
35
2.25
9
-200
10.9167
-200
2.25
-200
77.6667
-200
308.25
-200
-200
-200
40.25
-200
203
11
11
-200
134.25
176.25
106.917
37.6667
-200
-200
-200
-200
148.25
-200
16.25
71
12.9167
18.75
-200
24.9167
142.25
172.917
36.9167
61.6667
4.91667
92.9167
-200
40.25
4.91667
20.9167
-200
86.9167
44.25
34.6667
30
54.9167
10.6667
-200
-200
-200
-200
20.9167
17
46.6667
80.9167
22.25
8
-200
20.6667
160.917
60.75
-200
35
186
8.66667
80
91.6667
-200
-200
-200
24.9167
131
-200
4.91667
0
296
26.6667
-200
14.6667
20.9167
45.6667
-200
138.917
42.6667
148.667
22.9167
4.91667
-200
5.5
26
50.9167
21.6667
10.9167
239
194.917
-200
43.6667
161
4.91667
144.917
-200
229.5
-200
-200
24.75
12
-200
62.9167
8.66667
16.25
5.66667
163.667
76.9167
-200
-200
68.9167
39
-200
-200
53.6667
240.917
-200
85.6667
2.25
75
5.66667
190.917
-200
-200
13.6667
10.9167
-200
13.6667
-200
20.9167
254
2.25
-200
54.8333
17.6667
-200
2.25
24
-200
82.6667
-200
-200
230.917
-200
14
74
262.917
14.6667
-200
8.66667
36
147.667
16.6667
-200
11.6667
-200
50.6667
65
-200
-200
464.667
12.9167
20.9167
32.9167
230.667
90.9167
206.667
-200
5.66667
-200
-200
-200
-200
-200
-200
-200
-200
0
14.6667
-200
28.6667
-200
-200
-200
232.917
-200
0
99
26.9167
4.91667
-200
-200
160.25
-200
20.25
-200
-200
-200
-200
-200
-200
102.917
-200
18.9167
-200
-200
83
27.6667
10.9167
-200
2.25
-200
185.5
81.6667
-200
269.667
-200
-200
-200
85.5
104
227
299
18
40.6667
57.6667
-200
60
146.667
203.667
26.9167
-200
69.6667
6
187.667
178.25
129.667
190.25
0.666667
-200
138.917
-200
14
4.91667
80.25
166.917
10.9167
-200
225
-200
-200
67.6667
-200
44.9167
-200
152
0
22.25
130.25
8.66667
180.917
-200
-200
21.6667
-200
228
-200
22.25
198.917
4.91667
10.25
16.6667
109.667
24.9167
-200
-200
86
-200
22.6667
0.666667
-200
32.75
0
24
46.9167
106.667
59
38.25
8
188.25
-200
-200
34.25
-200
-200
44
-200
-200
21.6667
65
64.25
-200
104.917
129
21.6667
190.25
28.25
3
-200
-200
-200
-200
-200
4.91667
46.25
155
12.9167
70.8333
-200
-200
-200
-200
10.25
26.25
10.6667
42
35
29.6667
-200
208.667
10.9167
-200
10
48.9167
2.25
99.6667
4.75
92
-200
13.6667
-200
98.25
-200
20.6667
5
-200
206.25
-200
-200
80.9167
66.6667
-200
29.6667
-200
131
2.66667
19.6667
154.25
34.25
237.667
8.66667
11
76.25
66
24.6667
-200
33
92.6667
18
20.6667
29.3333
-200
46.8333
-200
-200
-200
168.917
-200
-200
4.91667
139.667
48.9167
5.66667
-200
16.25
40.9167
10.9167
134.25
91.3333
225
105
5.66667
-200
-200
44.6667
-200
-200
16.9167
-200
200.25
-200
91.6667
-200
-200
8
16.9167
70.9167
12
-200
208.667
-200
-200
278
8.25
10.9167
187.667
34.25
60
35.6667
-200
28.6667
-200
-200
59
-200
89.3333
130.917
-200
-200
701.65
40.9167
-200
91.6667
24.9167
192.667
54.9167
-200
-200
130.25
-200
-200
66
26.9167
59.3333
224.917
-200
0.75
-200
-200
17
19.6667
212.25
2
-200
-200
-200
417
32.6667
119.333
46.6667
91.6667
5.66667
99
-200
-200
-200
52.9167
65
3
38.8333
186
70.9167
669.733
5.66667
-200
32.6667
19.6667
74.25
48
104
-200
-200
38.9167
-200
17.6667
35
-200
266.25
-200
0.75
4.91667
-200
14.6667
5.66667
-200
-200
-200
130.917
10.9167
202.917
278.25
130.667
220.917
-200
174.917
4.91667
26
124.25
4.91667
68.9167
18.9167
68
30.9167
-200
13.5
-200
-200
20.9167
-200
170
141.667
-200
16.6667
72.6667
-200
-200
16.25
44.9167
48
-200
-200
34.25
56.9167
12
8.66667
284.917
468.917
-200
-200
108
203.667
64.9167
10.25
54
38.6667
-200
70.25
-200
10
-200
36.9167
44.6667
-200
10.9167
-200
-200
60.6667
141.667
72.9167
8.66667
80.9167
-200
-200
-200
20.9167
-200
214.917
72.6667
-200
50
36.9167
11.6667
9
147.667
-200
27
172.917
550.917
116.667
30.9167
82.6667
10.9167
44.25
-200
78.8333
24.75
-200
0.5
-200
-200
18
-200
222
-200
130.917
17.6667
122.667
61.6667
-200
-200
20.9167
76.6667
16.6667
-200
248
10.9167
-200
180.667
2.75
112.667
-200
322.917
173.667
244.917
-200
50.25
8.66667
-200
-200
-200
110.25
10.9167
-200
63.3333
-200
10.25
-200
-200
-200
-200
170.25
-200
10.9167
-200
56.25
56
42.6667
-200
12.9167
-200
-200
28.9167
0
106.25
26.25
156.667
22.9167
76.9167
-200
-200
-200
33
-200
-200
20.6667
55.3333
10.9167
-200
133.667
-200
20.9167
37.6667
294.917
142.25
222
-200
236.25
13.6667
-200
11.6667
84.9167
4.91667
94.25
144.917
-200
206
8.25
65.6667
-200
-200
10.9167
42
18.6667
-200
13.6667
98.9167
-200
-200
22.25
-200
4.91667
142.25
16.9167
8.66667
-200
-200
30.6667
-200
52.75
0
-200
78.6667
0.75
8
17.6667
17
26.9167
213.667
132.917
226.25
74.25
11.6667
128.917
-200
48
171
-200
13.6667
307.667
-200
-200
54
114.833
-200
-200
90.9167
16.25
-200
12.9167
137
229.667
-200
28.9167
139.667
66.9167
21.6667
134.25
40.25
13.6667
35
16.6667
14
17.6667
50.9167
18.75
51
-200
10.9167
5.66667
42.9167
164.917
414
326.25
-200
11.6667
-200
40.9167
-200
-200
-200
32.9167
-200
-200
44.9167
46.25
58.6667
66.9167
16.25
4.91667
345
2.25
258
-200
-200
258.667
82.9167
44.9167
27.6667
27.6667
90.6667
-200
16.25
-200
668.983
-200
11
5.66667
162
-200
22.25
144.917
64.9167
50.9167
-200
-200
18.75
37.6667
8.66667
275
-200
-200
218.25
54
106.25
36
-200
77.6667
-200
12.75
-200
-200
-200
35
17
13.6667
243
8
104.25
130.917
80.9167
58.9167
115.667
34.75
58.9167
36.75
14.25
-200
12.9167
71.3333
500.4
-200
2.66667
8.66667
42.9167
170.833
0
-200
141.667
139.667
4.91667
32.9167
-200
2.66667
59.6667
132
-200
24.9167
61.3333
96.6667
57.3333
-200
86.25
-200
68
134.667
70.6667
-200
186.917
138
-200
-200
8.66667
298.25
19.6667
90.9167
-200
256.667
90
-200
18
-200
80
150.917
2.66667
-200
54.9167
108.917
50
76.6667
0
7.33333
18.6667
-200
-200
-200
226.917
131.667
44.75
64.25
-200
28.25
-200
-200
141.667
24.6667
94.9167
11.6667
86
48.9167
82.25
-200
-200
70.25
-200
-200
5.66667
22.25
16.25
28.9167
22.25
149.5
14
350.25
-200
-200
-200
-200
46.25
-200
54.9167
