-200
49.5
-200
34.8333
233
29.6667
26.9167
1.5
9
24.5
90.9167
108
0
-200
144.917
188
12.5
10.25
62.9167
4.91667
18.75
40.9167
-200
-200
18.8333
50
-200
-200
280.25
-200
-200
45.6667
27
2.25
172.917
48.9167
-200
16.9167
4.91667
104
6
403.933
2.66667
13.6667
-200
80
-200
-200
-200
-200
168.917
5.66667
-200
-200
304.25
-200
281.667
-200
-200
-200
44.6667
-200
-200
-200
4.91667
33.3333
-200
4.91667
2.66667
3
2.25
3
-200
10.9167
-200
2.25
-200
5.66667
-200
308.25
-200
-200
-200
34.25
-200
171
11
11
-200
104.25
176.25
106.917
37.6667
-200
-200
-200
-200
148.25
-200
10.25
71
12.9167
18.75
-200
16.9167
124.25
142.917
36.9167
61.6667
4.91667
76.9167
-200
40.25
4.91667
20.9167
-200
86.9167
26.25
2.66667
30
54.9167
10.6667
-200
-200
-200
-200
20.9167
3
10.6667
4.91667
22.25
6
-200
8.66667
124.917
60.75
-200
27
186
8.66667
80
91.6667
-200
-200
-200
24.9167
131
-200
4.91667
0
296
26.6667
-200
2.66667
20.9167
45.6667
-200
132.917
42.6667
148.667
16.9167
10.9167
-200
5.5
26
44.9167
21.6667
4.91667
233
194.917
-200
43.6667
161
4.91667
144.917
-200
229.5
-200
-200
6.75
6
-200
62.9167
2.66667
10.25
5.66667
163.667
76.9167
-200
-200
68.9167
27
-200
-200
53.6667
240.917
-200
61.6667
8.25
75
19.6667
184.917
-200
-200
13.6667
4.91667
-200
5.66667
-200
20.9167
206
8.25
-200
18.8333
17.6667
-200
2.25
24
36
88.6667
-200
-200
230.917
-200
8
56
262.917
2.66667
-200
8.66667
36
147.667
16.6667
-200
11.6667
-200
50.6667
65
-200
-200
464.667
12.9167
20.9167
20.9167
206.667
90.9167
206.667
-200
5.66667
-200
-200
-200
64.25
-200
-200
-200
-200
0
2.66667
-200
16.6667
-200
-200
-200
232.917
-200
0
99
4.91667
4.91667
-200
-200
160.25
-200
16.25
-200
-200
-200
-200
-200
-200
102.917
-200
12.9167
-200
-200
59
27.6667
4.91667
-200
8.25
-200
185.5
69.6667
-200
269.667
-200
-200
-200
85.5
60
227
299
18
40.6667
37.6667
-200
60
146.667
179.667
26.9167
-200
69.6667
0
181.667
22.25
117.667
190.25
0.666667
-200
132.917
-200
14
4.91667
56.25
88.9167
10.9167
-200
153
-200
-200
67.6667
-200
44.9167
-200
104
0
22.25
130.25
8.66667
144.917
-200
-200
21.6667
-200
228
-200
22.25
198.917
4.91667
10.25
10.6667
109.667
18.9167
-200
-200
50
-200
22.6667
0.666667
-200
26.75
0
6
40.9167
106.667
59
10.25
0
98.25
-200
-200
26.25
-200
-200
32
-200
-200
13.6667
65
2.25
-200
68.9167
99
5.66667
190.25
10.25
3
75.6667
-200
-200
-200
-200
4.91667
16.25
155
4.91667
70.8333
-200
-200
-200
-200
10.25
8.25
16.6667
30
35
35.6667
-200
172.667
4.91667
-200
10
48.9167
2.25
27.6667
4.75
92
-200
13.6667
-200
68.25
-200
20.6667
1
-200
206.25
-200
-200
26.9167
66.6667
-200
29.6667
-200
113
8.66667
13.6667
154.25
26.25
237.667
8.66667
11
58.25
66
8.66667
-200
9
80.6667
18
8.66667
29.3333
-200
34.8333
-200
-200
-200
132.917
-200
-200
10.9167
139.667
40.9167
5.66667
-200
10.25
40.9167
4.91667
134.25
91.3333
225
105
5.66667
-200
-200
44.6667
-200
-200
16.9167
-200
200.25
-200
91.6667
-200
-200
6
10.9167
64.9167
12
-200
208.667
-200
-200
224
8.25
4.91667
187.667
10.25
48
11.6667
-200
28.6667
-200
-200
3
-200
89.3333
130.917
-200
-200
701.65
28.9167
-200
91.6667
12.9167
192.667
46.9167
-200
-200
34.25
-200
-200
14
20.9167
5.33333
224.917
-200
0.75
-200
-200
17
5.66667
206.25
2
-200
-200
-200
417
20.6667
119.333
46.6667
67.6667
5.66667
63
-200
-200
-200
52.9167
9
3
38.8333
186
10.9167
489.733
5.66667
-200
2.66667
5.66667
74.25
48
104
-200
-200
20.9167
-200
5.66667
35
-200
266.25
-200
0.75
20.9167
-200
2.66667
11.6667
-200
-200
-200
4.91667
32.9167
202.917
218.25
100.667
178.917
-200
84.9167
4.91667
14
106.25
4.91667
68.9167
12.9167
68
4.91667
-200
13.5
-200
-200
4.91667
-200
170
141.667
-200
2.66667
72.6667
-200
-200
10.25
44.9167
48
-200
-200
26.25
20.9167
0
2.66667
284.917
252.917
-200
-200
108
77.6667
46.9167
2.25
54
38.6667
-200
58.25
-200
2
-200
36.9167
44.6667
-200
10.9167
-200
-200
60.6667
141.667
18.9167
8.66667
80.9167
-200
-200
-200
20.9167
-200
202.917
72.6667
-200
50
12.9167
5.66667
9
147.667
-200
3
172.917
226.917
104.667
24.9167
82.6667
4.91667
26.25
-200
78.8333
24.75
-200
0.5
-200
-200
18
-200
222
-200
124.917
5.66667
74.6667
37.6667
-200
-200
20.9167
76.6667
16.6667
-200
200
4.91667
-200
162.667
2.75
112.667
-200
322.917
11.6667
244.917
-200
50.25
8.66667
-200
-200
-200
80.25
10.9167
-200
63.3333
-200
10.25
-200
-200
-200
-200
170.25
-200
4.91667
-200
38.25
56
42.6667
-200
12.9167
-200
-200
16.9167
0
70.25
10.25
120.667
16.9167
76.9167
-200
-200
-200
33
-200
-200
8.66667
55.3333
12.9167
-200
133.667
-200
20.9167
37.6667
204.917
142.25
174
-200
236.25
5.66667
-200
13.6667
84.9167
4.91667
94.25
144.917
-200
206
8.25
65.6667
-200
-200
10.9167
30
18.6667
-200
5.66667
92.9167
-200
-200
22.25
-200
10.9167
130.25
16.9167
2.66667
-200
-200
18.6667
-200
46.75
0
-200
66.6667
0.75
0
5.66667
17
20.9167
189.667
132.917
226.25
38.25
11.6667
116.917
-200
48
171
-200
13.6667
307.667
-200
-200
50
114.833
-200
-200
90.9167
10.25
-200
12.9167
65
229.667
-200
12.9167
139.667
66.9167
13.6667
134.25
34.25
5.66667
11
16.6667
8
17.6667
56.9167
18.75
51
-200
4.91667
5.66667
42.9167
164.917
414
326.25
-200
5.66667
-200
40.9167
-200
-200
-200
4.91667
-200
-200
10.9167
10.25
10.6667
66.9167
2.25
4.91667
273
2.25
258
-200
-200
258.667
76.9167
44.9167
11.6667
27.6667
72.6667
-200
14.25
-200
1038.98
-200
11
5.66667
162
-200
22.25
84.9167
64.9167
16.9167
-200
-200
18.75
37.6667
8.66667
275
-200
-200
218.25
54
70.25
36
-200
77.6667
-200
2.75
-200
-200
-200
9
11
13.6667
243
8
82.25
130.917
80.9167
58.9167
85.6667
34.75
52.9167
36.75
2.25
-200
4.91667
71.3333
470.4
-200
2.66667
8.66667
42.9167
170.833
0
-200
141.667
139.667
10.9167
32.9167
-200
2.66667
59.6667
56
-200
24.9167
61.3333
58.6667
57.3333
-200
26.25
-200
0
134.667
34.6667
-200
186.917
138
-200
-200
8.66667
238.25
5.66667
90.9167
-200
256.667
90
-200
26
-200
24
132.917
2.66667
-200
46.9167
90.9167
50
76.6667
0
1.33333
18.6667
-200
-200
-200
208.917
53.6667
44.75
46.25
-200
22.25
-200
-200
141.667
24.6667
76.9167
11.6667
-200
54.9167
82.25
-200
-200
62.25
-200
-200
5.66667
10.25
8.25
4.91667
2.25
149.5
14
308.25
-200
-200
-200
-200
28.25
-200
36.9167
