time_bf_r time_bf_r_2 time_ga
39.6215 39.6594 39.9113
19.7173 35.5026 104.166
42.8214 43.0206 43.4326
15.7301 26.6924 116.146
26.8039 47.9607 181.301
35.3951 63.1988 215.519
40.7782 81.4203 605.729
27.7614 49.858 161.67
12.1779 20.4669 84.6716
3.01858 4.24192 21.3225
26.1015 46.6087 198.27
10.7912 18.358 77.3108
35.3419 63.2239 201.603
48.4771 48.6201 48.889
30.11 56.0519 150.017
20.3595 36.0259 150.291
5.75138 9.00533 40.4401
45.1709 84.0904 145.94
26.3639 46.3614 180.302
43.4814 76.9126 283.934
4.13372 4.34796 6.68249
36.7657 71.1188 125.475
43.6671 43.8006 44.1383
44.5408 44.6004 44.9026
22.7303 42.3245 105.394
15.6747 27.3321 100.452
37.035 37.2831 37.5409
72.8523 73.1685 73.4324
24.8211 44.392 143.445
44.9015 45.0769 45.3865
45.2397 45.3489 45.7512
30.798 57.0281 112.727
38.4548 69.1834 216.605
44.7231 83.5461 138.353
32.4491 59.8177 242.201
37.6646 69.2083 165.741
36.2854 36.4677 36.5896
39.8958 72.1124 261.466
41.0089 75.7426 202.529
28.1015 51.5439 141.105
54.5261 101.797 168.344
53.1646 106.48 209.891
57.8727 112.781 181.936
38.505 69.875 262.832
34.3012 34.3929 34.7425
37.6347 71.3777 181.599
46.0189 46.1895 46.4954
60.1114 60.2813 60.7163
33.9077 34.0574 34.3142
67.1914 67.2316 67.6514
17.9682 32.8697 133.968
59.6663 111.909 205.495
38.5354 38.6837 38.8622
40.0586 40.1449 40.288
17.15 30.0035 102.318
26.6917 26.7678 27.0276
30.6134 55.0346 185.194
45.63 45.6634 46.0275
37.1975 37.4059 37.4806
47.8583 48.0189 48.4363
46.3464 91.5208 645.407
41.4194 41.539 41.7388
34.3825 34.5384 34.6459
30.1058 30.2554 30.3388
36.9352 65.6904 228.492
16.6661 28.6721 112.847
46.9806 94.3185 47.552
33.9377 63.5657 105.749
43.9171 79.942 207.247
44.477 85.986 199.025
39.7547 71.035 229.54
50.5871 96.2392 180.316
29.2814 29.4478 29.6194
42.1334 79.6076 129.845
53.5488 53.6783 54.0967
33.5845 62.5654 89.1813
44.6676 44.7324 44.9311
42.2429 77.012 235.807
39.1612 39.2497 39.4868
12.0776 21.9302 90.5531
41.8064 42.1658 42.3554
41.5206 41.6166 41.8278
34.5622 34.7561 34.9863
33.8233 62.8644 117.994
47.6517 47.7969 48.2336
32.3161 57.9 196.192
41.0143 78.322 113.095
42.724 79.3865 154.287
51.8873 52.3302 52.671
18.8006 33.3247 138.973
26.5291 47.6101 162.179
33.3417 59.2024 247.661
30.3212 59.1421 73.2949
43.9816 44.0312 44.2785
36.6393 36.8127 36.9223
37.8309 38.1946 38.4414
40.8749 40.9801 41.1657
23.733 42.197 140.182
33.2291 33.3553 33.6203
52.3861 101.073 141.551
25.993 45.6999 167.19
43.7054 87.5425 145.978
17.9888 30.7673 114.506
42.8476 43.044 43.3972
35.4315 67.9947 103.851
30.6905 55.3277 179.629
22.8567 40.5415 149.282
37.8468 72.9594 127.947
33.5779 59.5027 163.402
47.1958 94.4561 432.678
38.1956 68.475 279.706
38.7831 38.9435 39.0946
29.6627 52.1224 160.735
36.7983 67.3691 152.212
41.6252 83.0874 634.519
38.7873 39.0282 39.2995
22.8217 40.5118 159.96
40.5475 73.9598 192.342
40.7299 73.0386 235.517
36.8735 66.7787 216.317
24.6406 43.8262 165.915
3.13178 3.29466 5.2894
36.9906 37.0137 37.2997
33.3185 33.4416 33.7059
47.6408 47.8278 48.0995
37.264 37.386 37.5783
33.6328 61.8476 202.854
43.2579 80.9735 139.467
31.9775 56.7674 212.182
36.1 64.7452 231.377
28.8595 51.7649 132.135
43.3314 79.2921 214.557
45.5349 45.6426 46.1467
50.9523 96.5381 175.825
19.0792 34.5538 142.249
4.05361 4.26969 6.69768
41.652 41.8542 42.1155
24.0833 43.513 131.306
24.3922 44.3602 124.333
40.6486 75.7865 147.858
25.9186 45.633 155.173
21.4431 37.8212 157.226
42.1058 42.1263 42.5372
38.9155 39.0663 39.227
42.0097 42.286 42.4856
22.0461 40.5775 165.779
32.126 59.8494 154.633
38.742 38.9822 39.2496
40.0035 75.8978 122.458
1.0518 1.11261 2.09839
19.3027 33.4205 126.141
30.8718 55.3314 206.349
44.0709 44.3382 44.6781
42.827 81.6093 120.756
32.7047 60.186 158.694
18.9655 34.7104 143.315
47.1374 47.0713 47.4231
33.6233 62.316 171.884
37.7792 72.6903 127.736
12.1129 21.86 86.5891
56.7747 113.544 845.277
46.3231 93.0686 281.765
38.533 38.7582 38.7743
19.5215 33.1488 126.475
6.12324 9.56527 42.1875
37.3241 69.8466 103.778
31.9532 57.6984 185.129
37.1571 70.5497 109.422
28.1702 50.299 193.675
25.3728 46.128 182.115
38.1967 38.5852 38.7002
38.755 70.4272 220.16
22.1769 38.8638 160.889
45.7065 84.7809 180.856
24.9279 44.296 166.157
38.2104 38.438 38.7076
11.7828 19.9799 84.6305
28.6081 28.7995 28.7683
37.4226 37.5698 37.7372
21.2219 36.8939 152.945
22.9583 40.1874 137.005
42.5646 42.8514 42.9825
18.8232 33.7072 140.103
57.4956 113.117 169.096
37.5653 72.8978 203.874
33.39 62.7682 111.532
16.5145 29.4875 119.037
26.8714 49.1489 110.169
42.3854 42.2735 42.8883
38.1687 38.3781 38.7083
37.2995 66.7546 202.729
36.5419 67.7177 172.872
47.4775 47.7072 48.1357
38.6089 38.8438 39.0762
36.6544 66.3338 235.94
16.4855 28.9817 113.772
43.3423 43.4804 43.7568
32.6378 57.8645 189.177
55.7103 110.645 188.96
6.79296 10.6987 49.171
42.2878 84.6669 628.523
21.465 38.7507 129.674
41.7802 41.7641 42.1658
43.9632 44.2301 44.4321
38.3274 76.251 532.511
37.5373 67.4932 217.557
54.9992 55.334 55.3584
39.3067 72.8455 131.001
37.3948 37.5317 37.6223
38.0523 70.5082 123.199
22.235 38.7405 142.907
43.1665 83.1205 126.28
49.9905 50.3185 50.6669
18.8645 33.2728 120.992
43.2633 78.5863 250.169
40.7824 41.066 41.3863
41.7278 79.1113 123.688
33.317 63.9064 104.845
42.1287 42.1742 42.5126
41.427 82.2898 192.672
31.8578 31.9116 32.0064
27.5448 27.6907 27.9189
11.1026 19.2581 87.4917
30.5599 30.6229 30.822
48.1553 90.4345 151.805
45.2253 88.3552 127.831
23.683 42.3749 133.021
37.7024 67.8317 227.098
37.0296 37.3532 37.5251
40.4729 75.7982 112.552
18.5842 31.8167 124.339
31.943 59.4883 171.479
5.78781 9.12693 39.9302
37.5407 37.7189 38.0495
34.2515 68.8176 124.683
36.4444 36.5938 36.8902
45.3738 88.1642 135.457
33.3316 60.4195 209.916
35.2741 35.3741 35.6249
49.4978 49.7157 50.0663
14.4324 25.3973 92.6784
7.71035 12.3798 59.1645
25.4687 45.2674 131.723
35.9442 72.1735 561.423
31.9077 58.9648 153.868
27.4389 49.2999 177.136
19.6726 34.3045 139.953
43.5784 43.7939 44.0218
41.1018 82.0442 107.298
32.6084 32.654 32.9004
33.9133 34.0242 34.3247
31.4541 31.5574 31.7323
39.0491 39.3241 39.465
42.4725 42.6083 42.8122
31.4698 31.6345 31.7997
46.1179 46.4526 46.6626
37.4868 37.5072 37.8504
1.03589 1.09242 2.16271
48.6451 92.485 145.002
33.1609 33.2038 34.0069
45.2105 90.7845 668.791
43.356 43.5177 44.918
35.6892 35.8971 36.8681
38.5678 38.7221 39.932
12.947 22.5838 100.975
43.7809 44.195 45.3173
1.03271 1.0924 2.21886
37.9303 70.2063 186.865
51.2184 96.0281 149.026
32.6667 60.8435 121.715
52.443 52.4409 53.8992
32.5261 32.6199 33.4069
28.8824 52.1111 184.505
44.8566 45.0258 45.8723
36.3361 72.4407 563.878
44.7497 44.8185 46.2223
35.2599 35.4107 36.4421
35.8947 36.073 36.9246
43.7055 43.9137 44.8917
37.2606 37.2869 38.2512
38.1083 38.4472 39.3299
24.3715 43.3922 170.419
37.6311 37.7939 38.8322
47.4217 89.674 113.293
38.4695 38.5367 39.6893
43.6977 43.9475 45.2326
40.0383 75.7047 137.497
39.3096 72.0897 196.871
48.1369 90.1222 235.509
42.9985 43.2556 44.5258
63.1854 118.39 205.906
39.9104 40.102 41.1897
8.16833 13.6898 56.2088
54.7267 109.108 198.397
40.2282 40.6478 41.4934
19.4474 34.5561 142.158
34.8317 34.9545 35.8151
32.6753 32.8106 33.7284
35.3988 35.6554 36.6243
5.33316 7.99828 40.1071
32.1309 58.5329 196.86
42.9644 80.2531 241.232
22.8413 40.7762 136.034
8.88361 14.8604 59.8703
30.3715 53.0153 215.275
37.0709 74.7065 576.474
35.7279 35.6238 36.6198
14.7378 25.707 108.628
7.795 12.4347 61.4485
32.7917 58.485 213.088
39.2038 74.5811 99.3872
35.6947 35.8364 36.7039
30.2153 53.4889 191.856
39.7237 76.8107 135.19
41.8192 77.0734 266.377
27.6553 50.0324 202.846
43.102 81.4623 139.056
13.0348 23.3083 102.427
15.8884 26.8759 116.377
33.6045 33.7367 34.4559
28.2665 51.2153 183.535
67.2993 67.3571 69.1887
42.9923 85.5126 125.672
39.102 78.4576 305.131
40.4736 72.9407 253.258
35.9761 63.6847 255.712
69.3457 136.663 203.829
40.6551 40.6927 41.7285
14.2382 25.839 107.004
36.4488 36.4388 37.1962
36.4927 36.7105 37.5071
36.5359 68.4514 133.654
34.6132 34.788 35.6258
12.0587 21.1584 106.068
54.2763 54.4691 55.8354
29.9234 52.9725 203.025
1.05626 1.11718 2.11445
31.8706 57.769 156.34
26.5711 47.857 195.009
40.891 73.8629 233.29
19.3347 34.2988 143.106
40.7816 40.9344 41.7126
38.8432 39.0936 39.9625
30.5659 55.7299 115.028
32.5993 32.6535 33.3426
17.6751 31.9331 134.287
41.9839 42.0905 43.1514
20.0409 35.5904 144.242
14.8474 25.6901 110.131
42.6863 81.8707 131.696
39.0894 77.9117 93.0695
33.1664 64.3676 101.952
34.4304 65.1091 107.705
31.3175 57.3668 150.117
43.0097 43.1827 44.1861
49.7004 49.6383 50.7672
31.8027 55.9068 220.542
38.6893 38.7412 39.5499
23.2772 40.1343 162.834
14.6346 25.6765 107.028
36.0986 36.3042 37.171
17.0818 30.7521 71.4478
3.72203 5.64095 25.7294
22.1333 38.4187 161.072
38.1615 69.6461 205.13
18.7203 33.1082 129.786
27.28 48.3067 176.596
44.6652 84.9126 159.964
41.5175 77.4071 131.87
39.2616 71.2753 209.406
44.9834 44.9871 45.4997
45.2926 45.439 45.8863
35.9461 66.9474 138.23
42.6305 42.764 43.1547
42.289 42.4143 42.873
53.9785 101.199 179.586
36.1789 36.3379 36.5891
48.4914 48.8358 48.8689
42.1886 79.6375 125.024
28.6431 51.0249 185.853
54.8057 104.391 146.048
36.6577 36.8756 37.209
33.1176 59.6634 194.946
36.6015 70.3908 131.044
51.3518 92.8643 216.881
25.0897 45.7154 164.456
46.649 91.6124 146.902
19.9384 34.6091 144.831
33.6497 67.3808 33.9869
44.1285 44.3648 44.758
43.1676 43.4541 43.5052
37.0977 37.324 37.4388
31.599 31.8376 32.1296
47.1708 93.145 153.364
34.8218 62.9251 210.559
25.4008 44.7746 144.825
44.4091 88.6562 651.209
13.3407 22.6256 92.0822
34.8825 35.0383 35.2679
43.6325 43.823 44.166
45.9342 46.2509 46.542
43.9917 44.1396 44.6382
46.1761 86.3657 168.573
40.9543 82.0785 607.391
42.9597 85.0433 610.22
39.779 72.4596 208.62
27.8202 52.2034 80.3437
50.3177 101.166 762.222
43.5147 43.7016 44.0161
24.5323 42.0205 165.693
50.1133 90.5787 296.036
52.5267 52.6746 53.0548
13.3588 23.0328 100.337
26.2196 46.6662 196.125
44.0288 82.7674 127.375
33.6199 60.6637 215.264
8.25148 13.8539 56.7029
29.4188 52.1421 173.492
37.2079 37.2618 37.4922
33.9052 64.2901 122.419
41.9537 42.1495 42.4267
28.9059 52.5912 208.808
45.6522 45.7169 46.0327
29.2687 55.5406 87.9607
31.1477 58.7601 94.7389
34.7519 34.9758 35.2827
30.4779 55.1851 186.502
45.2027 45.3584 46.3126
34.7779 34.9763 35.7417
26.5999 47.4992 177.729
3.9657 5.62751 28.2728
38.9221 39.2038 39.3443
36.5776 66.8041 217.828
38.7644 38.9978 39.2014
35.0923 62.4546 217.712
40.4443 80.7393 615.343
40.491 74.524 208.464
28.1205 51.903 121.813
48.3623 90.6348 159.989
18.937 33.9391 129.095
58.6929 111.938 147.962
6.23214 9.64356 54.0848
33.5559 60.7659 151.232
29.306 52.6446 197.107
49.5623 91.1168 242.15
33.9189 34.0883 34.2155
50.3403 96.0808 181.018
31.1608 58.6406 107.116
6.2177 9.62434 54.0039
48.9158 98.413 747.081
7.37768 11.9942 49.5465
41.7071 41.7515 42.1545
24.0977 43.5793 102.703
33.01 33.0486 33.322
34.2432 34.5116 34.6717
42.0244 42.374 42.6126
31.3545 56.2558 178.33
43.1703 43.3063 43.7509
43.5969 43.7115 44.0656
45.4352 91.199 702.774
26.1418 47.983 192.308
35.2467 64.2741 191.68
45.9321 86.3671 161.564
40.8864 41.1434 41.4722
52.7326 106.095 787.142
24.1685 42.5492 180.351
46.8599 92.5121 209.879
23.6 42.546 160.969
10.8774 18.2493 78.1674
15.7189 27.3449 114.738
18.8387 33.3965 142.909
37.2769 66.3097 230.482
53.768 53.8082 54.4417
45.0397 45.123 45.4454
38.6295 70.4736 259.72
39.8239 40.0145 40.188
42.2364 42.3121 42.6492
35.1435 66.0818 125.383
30.4653 30.6046 30.6664
21.927 39.2737 156.983
46.9003 47.2129 47.3259
29.3993 53.2 130.969
44.5868 44.7391 44.9842
44.4466 44.7414 44.981
47.5816 89.1756 122.987
34.037 67.1579 518.998
34.6491 62.0867 182.017
19.7682 34.4771 143.139
35.2698 35.4007 35.7109
27.0576 48.0501 198.148
39.2669 39.4682 39.7578
36.3861 36.47 36.699
35.9012 64.4396 211.858
50.6911 94.5323 190.645
35.1539 70.5018 532.125
10.9923 19.3603 86.4233
35.2393 63.6562 210.253
24.6227 44.6852 162.118
39.8363 77.4565 361.06
39.2481 39.3184 39.6929
27.1225 48.0479 190.033
35.6553 35.9061 36.1785
40.2709 40.3219 40.7684
46.6921 84.8174 292.693
46.5104 46.8894 47.0308
9.98151 16.7747 71.3774
15.9688 28.9662 119.247
47.9044 48.1296 48.4792
37.0257 37.0866 37.5636
52.6823 98.5851 293.466
35.9979 64.3505 252.701
40.771 40.9396 41.2034
29.6841 53.4037 204.816
34.3311 65.9206 94.0136
26.8162 47.2851 182.149
32.1824 62.0589 102.939
48.6908 48.6671 49.2195
48.8697 49.0971 49.4792
35.8619 64.4515 229.557
35.3902 35.447 35.8109
41.969 42.1324 42.4777
43.7453 78.4032 269.07
36.9585 69.7414 132.769
15.3209 26.1205 107.289
10.0101 17.0546 73.2173
42.8674 42.9952 43.2894
6.14775 9.36515 40.9761
42.7192 43.0418 43.2789
40.3875 40.6756 40.8402
36.2638 66.9582 188.219
44.6257 84.2514 173.054
25.3298 46.3944 123.703
6.22276 9.70797 43.0795
32.9678 33.0919 33.54
37.4205 37.4225 37.8115
39.3539 39.6171 39.8388
11.8718 20.5682 84.5125
37.7338 68.5247 191.536
5.3217 7.98783 36.0844
24.5712 43.718 138.644
29.1848 52.7667 190.601
40.9358 80.9484 111.33
27.7104 48.9844 192.722
36.7328 36.9843 37.3024
42.9565 43.1302 43.611
56.0279 56.1498 56.7225
43.075 79.4714 201.545
34.7562 61.5289 244.16
5.20428 7.37294 37.0224
18.2012 31.3146 122.463
12.2351 20.9024 83.1908
39.2892 78.7556 591.525
84.7428 163.043 332.875
45.6066 91.8041 144.765
48.2047 48.37 48.9651
62.2371 116.342 177.105
47.2047 93.4245 156.292
33.4589 63.1615 89.6716
10.1995 17.2273 76.5454
30.6895 56.8036 114.598
65.8802 65.898 67.2118
39.2317 39.4182 40.3631
43.0506 82.6383 116.46
37.2368 37.2456 37.7928
44.544 86.428 113.193
42.6937 81.1148 187.037
36.6299 36.8629 37.2071
23.144 40.8892 159.531
34.8044 34.911 35.5151
14.7764 25.0975 108.361
32.996 66.2165 513.776
46.3074 46.3145 47.2922
44.8535 87.8089 181.665
46.6691 91.3067 181.914
31.0121 31.2631 31.9058
34.1258 34.4422 35.1203
41.5175 41.7573 42.3617
35.6036 64.3549 257.696
47.9607 96.0641 737.987
29.2197 51.5759 179.759
50.3701 93.7563 302.67
30.4631 55.8791 212.306
26.3182 46.5612 178.776
40.5212 40.5725 41.1706
28.6716 50.9518 199.409
48.4778 96.8652 177.307
32.4813 58.5185 152.866
43.9632 79.9478 221.999
32.242 61.043 89.2123
13.2319 22.7178 99.4719
48.4904 89.611 128.363
25.3725 48.8202 105.687
58.3566 106.888 310.968
47.6955 47.9548 48.4492
10.3008 17.3913 76.7426
39.6199 39.8276 40.3104
38.133 38.3664 38.7991
39.9873 72.1524 199.415
42.4407 42.5166 43.0547
31.6477 56.4449 186.464
22.2719 39.4468 167.685
44.7473 44.91 45.1574
44.9671 86.7209 156.396
15.1682 27.4782 116.06
46.2736 46.3618 46.8419
47.2694 47.3822 47.9252
34.6577 61.4908 203.665
26.8451 48.5118 198.705
6.04845 9.30475 52.6271
35.8718 36.1399 36.2766
41.917 42.2705 42.5222
30.6058 53.602 181.751
28.2296 51.965 208.809
46.2333 90.7213 132.645
50.118 99.1359 143.593
18.2378 32.5216 127.808
18.3515 32.148 127.557
35.1896 35.3136 35.7353
43.3201 43.6024 43.9734
9.14958 15.2839 66.2341
30.2545 54.1746 200.569
35.6419 63.6185 188.312
38.287 74.4202 103.803
13.4675 22.9212 96.2082
13.1488 23.6949 101.023
38.5415 38.7599 39.1896
36.6082 69.7839 149.234
41.7375 41.8263 42.2566
25.4206 44.7332 170.958
44.0258 44.171 44.5668
34.5396 61.997 200.733
29.944 53.6073 199.346
38.5596 38.8106 39.1531
35.3318 64.6217 242.887
36.1198 36.3324 36.6831
40.8854 41.2445 41.6397
6.96501 10.9421 45.8565
20.5786 36.1159 155.598
37.1864 67.0812 250.464
40.8708 74.8813 187.069
30.1885 53.3324 189.361
43.2664 43.3985 43.8178
32.0954 32.3168 32.5478
46.9814 47.2503 47.7646
48.8943 98.2289 144.602
42.7848 43.1699 43.4174
33.3897 60.6106 207.642
20.4016 35.9941 138.941
42.1815 42.3065 42.7518
32.3115 57.5302 221.862
45.3314 85.3563 140.764
42.3676 78.4345 154.178
35.1674 65.2107 146.079
11.8648 20.6476 84.4716
42.9027 43.1363 43.531
20.1271 35.479 143.189
13.9897 24.5708 107.644
18.5162 33.0528 135.229
37.6597 68.4852 151.814
39.9437 74.9247 142.59
27.3901 52.7058 83.0434
53.4753 100.861 129.881
43.3964 81.9721 130.606
45.0895 45.2833 45.7351
6.32501 10.1116 43.7199
7.10472 11.1595 52.8139
35.9949 36.2052 36.5203
6.56333 10.8345 45.8961
35.3827 35.4451 35.8062
48.1955 48.5726 48.8048
45.8534 90.8587 673.27
34.407 34.6645 34.8927
24.3571 43.7964 150.958
40.2435 40.4098 40.861
28.5934 51.6366 119.08
46.3459 88.7809 286.389
35.9802 66.0189 247.945
37.2453 68.237 162.126
43.8769 43.8467 44.4044
37.0558 37.1826 37.5156
28.3424 55.0393 108.827
14.9145 26.2925 105.896
3.11639 3.27941 5.35359
32.0546 32.1424 32.3877
21.5593 38.3945 156.302
41.4908 82.5304 511.329
29.6703 29.794 30.0791
30.1052 56.5837 148.476
21.0453 36.3172 139.145
26.1125 46.6478 137.546
34.4978 34.5924 35.0525
7.8621 12.5344 60.8458
44.0438 79.4644 273.744
16.7511 30.5943 105.685
44.693 44.8845 45.2382
38.7831 68.2366 246.44
35.7379 67.0259 113.082
43.3411 43.4161 43.8553
42.2964 42.4135 42.7791
47.5265 48.0324 48.2874
38.5276 69.6832 255.959
47.7179 95.8699 345.011
38.5087 38.6078 38.9326
14.0588 25.1051 73.9332
35.2927 35.5475 35.7248
34.7547 68.3996 126.749
38.3011 38.5162 38.8673
47.5321 47.5508 47.9514
43.4995 43.6006 43.9108
41.2493 41.262 41.7457
22.2003 40.7694 160.02
41.0411 41.1649 41.5436
38.488 70.5568 181.129
37.9015 38.1059 38.4264
32.7433 61.2439 89.604
37.9774 76.2065 582.364
3.08184 3.23871 5.48977
42.1618 42.2849 42.7054
46.0223 86.5086 135.499
37.6549 37.6036 38.0206
36.669 36.7857 36.9288
46.2009 86.2321 181.898
26.6815 47.1332 176.132
25.4194 46.6783 143.955
54.3521 100.007 261.959
37.8529 70.1825 222.06
37.8619 68.7804 273.179
32.5869 59.0325 149.589
50.9615 50.9845 51.3631
45.1757 45.5435 45.9166
35.618 35.8055 36.1263
11.3171 18.6805 81.6651
40.3684 40.467 40.7963
42.4865 42.6773 42.9903
36.6923 71.6464 101.827
16.2278 28.0796 103.831
48.9094 96.9471 228.435
31.6035 31.7337 32.1039
38.2218 70.9524 255.32
30.8959 31.1842 31.4688
48.3554 95.0149 138.166
18.0352 32.8287 140.586
34.3507 62.2259 195.573
21.8464 39.1271 146.69
25.5497 45.5508 143.378
41.3732 41.6099 41.8858
10.0393 17.1212 77.4673
44.1709 88.8183 406.149
31.3624 31.5503 31.8898
43.9781 87.3761 125.415
41.8725 79.5923 113.935
45.2993 82.9618 214.323
24.142 42.7584 180.219
22.4104 39.2444 165.284
42.2546 42.4058 42.8062
24.3954 44.0363 107.186
51.5883 103.733 358.266
47.2093 89.092 157.087
36.2084 36.261 36.5921
39.2873 39.4063 39.6624
41.4234 79.5368 145.629
39.7191 72.1061 246.512
38.7454 75.7878 106.105
40.0254 40.1373 40.6325
37.3956 71.6986 163.237
23.6057 42.0232 147.679
39.035 39.2428 39.4733
41.4164 41.5669 41.8546
37.1585 66.1658 229.613
41.7115 41.8418 42.3342
46.8852 94.1008 511.247
24.169 43.8951 176.446
35.2264 70.1184 554.979
57.915 106.58 297.473
33.1134 33.2669 33.5639
38.7172 38.8634 39.1552
39.319 71.8818 211.777
31.5374 31.6561 32.0623
8.86023 14.7703 64.0409
5.90326 9.53058 39.0124
38.4193 38.4438 38.9493
37.4831 74.5249 140.999
8.18233 13.6128 55.0026
43.4301 78.3426 211.551
63.5752 115.925 346.794
37.0279 69.3577 107.8
42.8642 81.2426 139.234
32.1882 58.8684 193.944
39.0252 71.7853 226.523
30.6007 57.0175 143.275
38.1147 68.2065 262.902
38.8476 74.0622 153.661
34.9856 68.2979 109.795
44.5714 44.7708 45.3775
26.8126 50.5545 75.0953
41.3586 77.5746 166.754
39.3815 39.5054 39.7447
32.1313 57.6872 181.953
14.8261 26.3835 107.474
32.3088 32.5549 32.8096
43.0337 43.0627 43.2582
13.8936 23.4544 95.2379
9.11779 15.041 66.1545
44.551 44.6644 45.1852
41.8336 42.0775 42.3273
32.8311 60.3784 148.489
37.0784 70.6863 133.455
30.8293 30.882 31.265
45.8662 82.8 293.118
34.4375 61.7805 235.289
21.0449 37.1449 149.326
39.8167 39.8591 40.1935
51.1475 94.2694 241.174
29.9619 56.4316 121.002
19.455 33.768 140.55
49.5827 94.1926 173.383
20.7926 36.6906 146.195
41.1102 74.337 220.951
49.1461 93.9468 146.9
55.7596 104.813 191.674
34.9514 69.194 96.9123
35.162 69.888 105.622
31.7761 57.007 213.63
38.8113 77.5918 580.637
6.07852 9.26721 41.3547
16.883 30.5409 129.511
43.0335 43.2812 43.7347
40.9876 79.0814 100.09
42.5111 82.0302 119.323
24.5594 44.3064 177.598
12.0755 22.0628 93.6523
11.8607 20.4564 82.8035
7.89152 12.5702 60.5623
43.5863 43.8843 44.0259
54.7198 107.173 149.772
48.0685 48.1773 48.5432
31.7251 57.277 171.765
43.8039 43.7861 44.3437
44.6136 44.7838 45.2769
44.3616 44.4028 44.7616
33.9801 61.9953 146.353
51.0938 51.2356 51.9227
34.5795 34.7838 34.9097
51.0699 95.788 176.014
39.9622 71.437 187.867
44.6077 79.7095 251.549
9.98152 17.4723 81.3293
52.6941 101.646 121.257
31.6452 60.5184 102.048
21.5196 38.3107 156.882
40.7298 81.0102 362.782
5.2724 7.94609 38.7501
42.2239 42.3405 42.6902
41.9109 42.0761 42.6883
21.6571 38.5577 135.487
27.3141 54.3986 421.721
28.6494 51.4979 202.292
40.2326 73.408 151.663
32.8202 60.5745 151.761
43.143 77.0181 267.509
39.8065 79.812 40.2129
50.7026 95.7433 123.622
36.521 36.7224 37.1436
65.7455 131.766 937.341
41.2823 41.6654 41.9451
52.2767 99.4968 171.833
44.8671 85.1955 154.665
7.23816 12.0252 49.4227
44.291 44.498 44.9058
26.9151 48.1788 146.088
30.039 53.8506 163.571
21.1122 37.1576 142.27
42.7782 78.0977 229.785
39.1634 39.312 39.5615
30.0113 30.1322 30.4893
4.13432 4.36523 6.48436
38.8729 70.9924 216.154
37.8927 72.1965 94.404
16.8233 30.5923 126.565
36.4071 36.5003 36.7786
39.4667 39.4822 39.9102
33.1945 60.6866 147.827
3.0583 3.22639 5.24197
33.5522 59.0574 206.105
6.06086 9.35065 52.9987
41.9273 42.001 42.4537
35.5866 67.7728 100.02
43.0868 43.1444 43.4477
17.8991 31.2383 132.729
36.5954 36.6688 36.978
41.6451 41.7816 42.2959
41.5277 41.7657 42.0663
44.9066 87.6451 140.723
50.9179 96.0551 137.077
39.9423 79.5293 99.2045
22.3556 40.2619 166.804
4.01892 6.09424 27.814
27.7987 54.1712 80.0255
15.0185 26.5799 111.755
29.2364 52.3516 160.953
17.946 31.8472 139.266
36.9828 67.9544 235.109
10.6572 17.64 82.7828
36.3536 68.2836 152.937
4.09471 4.32627 6.60151
49.9136 90.7589 241.207
51.7704 51.8683 52.2581
42.1159 76.2941 189.595
13.7715 23.4556 86.6688
78.6174 150.577 310.687
35.5329 35.7143 36.061
37.8412 74.739 92.656
35.8277 71.9326 454.362
30.5513 59.5135 104.299
8.1389 13.3814 54.9323
1.06498 1.12659 2.04914
39.6309 39.7246 40.1482
24.4887 43.1889 142.048
13.8412 23.9466 101.374
46.5997 84.1568 276.018
33.7132 58.6754 216.961
46.7164 46.6544 46.8519
40.7305 78.8125 121.749
29.3273 53.2631 165.949
42.8479 76.9439 278.323
37.4 37.5334 37.8498
31.2932 58.4163 111.234
9.27091 15.3237 67.0732
31.4213 55.4885 220.985
11.1114 18.7002 83.0738
38.1573 38.5146 38.7432
47.9474 87.158 276.274
36.5398 36.5595 36.8956
36.3515 65.1744 237.552
16.8182 29.2519 121.998
44.1573 80.3449 291.084
35.979 36.0387 36.3356
24.1776 43.9003 133.409
29.4112 52.7036 149.901
38.8837 39.0238 39.5998
30.2725 30.3811 30.673
34.9316 69.6627 526.187
22.4145 40.0042 153.543
61.2835 118.811 148.565
29.2583 51.9086 192.178
37.2834 37.5436 37.6998
24.5127 44.0081 158.788
16.5519 28.6244 117.895
34.8788 35.0722 35.3359
38.0188 75.6926 570.036
35.1659 35.3972 35.5589
37.3675 69.0476 173.905
27.8414 51.0702 140.115
44.8401 81.6377 230.97
49.664 49.9192 50.2769
32.1987 58.6319 151.078
32.4107 58.4778 203.162
27.5085 49.2505 158.803
9.98293 17.4395 76.1729
27.821 55.3265 55.2409
34.6211 62.4186 170.155
37.5248 70.9803 104.98
42.6541 42.8261 43.4345
40.577 40.7418 41.3909
32.7352 32.8405 33.2796
22.2672 41.4449 88.2875
37.7189 68.9771 127.926
16.5968 27.9623 116.112
28.144 51.4017 201.058
34.9253 35.0647 35.2983
37.2514 66.1466 214.159
42.7265 42.4648 42.9456
33.4194 33.5748 33.9242
46.3721 85.835 236.393
50.5313 99.3004 131.3
26.8721 48.8938 200.645
14.019 25.5158 116.335
48.5177 97.3864 716.04
38.219 76.8289 388.492
26.2454 47.2117 195.9
37.4621 37.492 37.8882
33.4218 33.5221 33.8293
31.1696 55.5799 220.166
34.2349 34.4294 34.6527
45.0924 45.3461 45.7399
52.4527 101.045 116.719
44.2338 87.1301 187.505
32.969 59.7966 175.56
37.7162 67.5237 172.274
44.4552 86.6297 136.519
15.1972 25.6606 96.9523
27.4214 48.9868 165.281
18.558 33.4255 103.059
35.0481 35.1767 35.5286
39.168 39.1833 39.5794
41.3109 41.5232 42.0553
39.6687 39.791 40.1592
33.6278 67.4234 505.886
46.0163 46.3435 46.6836
38.5132 69.2444 229.74
