39.6594
35.5026
43.0206
26.6924
47.9607
63.1988
81.4203
49.858
20.4669
4.24192
46.6087
18.358
63.2239
48.6201
56.0519
36.0259
9.00533
84.0904
46.3614
76.9126
4.34796
71.1188
43.8006
44.6004
42.3245
27.3321
37.2831
73.1685
44.392
45.0769
45.3489
57.0281
69.1834
83.5461
59.8177
69.2083
36.4677
72.1124
75.7426
51.5439
101.797
106.48
112.781
69.875
34.3929
71.3777
46.1895
60.2813
34.0574
67.2316
32.8697
111.909
38.6837
40.1449
30.0035
26.7678
55.0346
45.6634
37.4059
48.0189
91.5208
41.539
34.5384
30.2554
65.6904
28.6721
94.3185
63.5657
79.942
85.986
71.035
96.2392
29.4478
79.6076
53.6783
62.5654
44.7324
77.012
39.2497
21.9302
42.1658
41.6166
34.7561
62.8644
47.7969
57.9
78.322
79.3865
52.3302
33.3247
47.6101
59.2024
59.1421
44.0312
36.8127
38.1946
40.9801
42.197
33.3553
101.073
45.6999
87.5425
30.7673
43.044
67.9947
55.3277
40.5415
72.9594
59.5027
94.4561
68.475
38.9435
52.1224
67.3691
83.0874
39.0282
40.5118
73.9598
73.0386
66.7787
43.8262
3.29466
37.0137
33.4416
47.8278
37.386
61.8476
80.9735
56.7674
64.7452
51.7649
79.2921
45.6426
96.5381
34.5538
4.26969
41.8542
43.513
44.3602
75.7865
45.633
37.8212
42.1263
39.0663
42.286
40.5775
59.8494
38.9822
75.8978
1.11261
33.4205
55.3314
44.3382
81.6093
60.186
34.7104
47.0713
62.316
72.6903
21.86
113.544
93.0686
38.7582
33.1488
9.56527
69.8466
57.6984
70.5497
50.299
46.128
38.5852
70.4272
38.8638
84.7809
44.296
38.438
19.9799
28.7995
37.5698
36.8939
40.1874
42.8514
33.7072
113.117
72.8978
62.7682
29.4875
49.1489
42.2735
38.3781
66.7546
67.7177
47.7072
38.8438
66.3338
28.9817
43.4804
57.8645
110.645
10.6987
84.6669
38.7507
41.7641
44.2301
76.251
67.4932
55.334
72.8455
37.5317
70.5082
38.7405
83.1205
50.3185
33.2728
78.5863
41.066
79.1113
63.9064
42.1742
82.2898
31.9116
27.6907
19.2581
30.6229
90.4345
88.3552
42.3749
67.8317
37.3532
75.7982
31.8167
59.4883
9.12693
37.7189
68.8176
36.5938
88.1642
60.4195
35.3741
49.7157
25.3973
12.3798
45.2674
72.1735
58.9648
49.2999
34.3045
43.7939
82.0442
32.654
34.0242
31.5574
39.3241
42.6083
31.6345
46.4526
37.5072
1.09242
92.485
33.2038
90.7845
43.5177
35.8971
38.7221
22.5838
44.195
1.0924
70.2063
96.0281
60.8435
52.4409
32.6199
52.1111
45.0258
72.4407
44.8185
35.4107
36.073
43.9137
37.2869
38.4472
43.3922
37.7939
89.674
38.5367
43.9475
75.7047
72.0897
90.1222
43.2556
118.39
40.102
13.6898
109.108
40.6478
34.5561
34.9545
32.8106
35.6554
7.99828
58.5329
80.2531
40.7762
14.8604
53.0153
74.7065
35.6238
25.707
12.4347
58.485
74.5811
35.8364
53.4889
76.8107
77.0734
50.0324
81.4623
23.3083
26.8759
33.7367
51.2153
67.3571
85.5126
78.4576
72.9407
63.6847
136.663
40.6927
25.839
36.4388
36.7105
68.4514
34.788
21.1584
54.4691
52.9725
1.11718
57.769
47.857
73.8629
34.2988
40.9344
39.0936
55.7299
32.6535
31.9331
42.0905
35.5904
25.6901
81.8707
77.9117
64.3676
65.1091
57.3668
43.1827
49.6383
55.9068
38.7412
40.1343
25.6765
36.3042
30.7521
5.64095
38.4187
69.6461
33.1082
48.3067
84.9126
77.4071
71.2753
44.9871
45.439
66.9474
42.764
42.4143
101.199
36.3379
48.8358
79.6375
51.0249
104.391
36.8756
59.6634
70.3908
92.8643
45.7154
91.6124
34.6091
67.3808
44.3648
43.4541
37.324
31.8376
93.145
62.9251
44.7746
88.6562
22.6256
35.0383
43.823
46.2509
44.1396
86.3657
82.0785
85.0433
72.4596
52.2034
101.166
43.7016
42.0205
90.5787
52.6746
23.0328
46.6662
82.7674
60.6637
13.8539
52.1421
37.2618
64.2901
42.1495
52.5912
45.7169
55.5406
58.7601
34.9758
55.1851
45.3584
34.9763
47.4992
5.62751
39.2038
66.8041
38.9978
62.4546
80.7393
74.524
51.903
90.6348
33.9391
111.938
9.64356
60.7659
52.6446
91.1168
34.0883
96.0808
58.6406
9.62434
98.413
11.9942
41.7515
43.5793
33.0486
34.5116
42.374
56.2558
43.3063
43.7115
91.199
47.983
64.2741
86.3671
41.1434
106.095
42.5492
92.5121
42.546
18.2493
27.3449
33.3965
66.3097
53.8082
45.123
70.4736
40.0145
42.3121
66.0818
30.6046
39.2737
47.2129
53.2
44.7391
44.7414
89.1756
67.1579
62.0867
34.4771
35.4007
48.0501
39.4682
36.47
64.4396
94.5323
70.5018
19.3603
63.6562
44.6852
77.4565
39.3184
48.0479
35.9061
40.3219
84.8174
46.8894
16.7747
28.9662
48.1296
37.0866
98.5851
64.3505
40.9396
53.4037
65.9206
47.2851
62.0589
48.6671
49.0971
64.4515
35.447
42.1324
78.4032
69.7414
26.1205
17.0546
42.9952
9.36515
43.0418
40.6756
66.9582
84.2514
46.3944
9.70797
33.0919
37.4225
39.6171
20.5682
68.5247
7.98783
43.718
52.7667
80.9484
48.9844
36.9843
43.1302
56.1498
79.4714
61.5289
7.37294
31.3146
20.9024
78.7556
163.043
91.8041
48.37
116.342
93.4245
63.1615
17.2273
56.8036
65.898
39.4182
82.6383
37.2456
86.428
81.1148
36.8629
40.8892
34.911
25.0975
66.2165
46.3145
87.8089
91.3067
31.2631
34.4422
41.7573
64.3549
96.0641
51.5759
93.7563
55.8791
46.5612
40.5725
50.9518
96.8652
58.5185
79.9478
61.043
22.7178
89.611
48.8202
106.888
47.9548
17.3913
39.8276
38.3664
72.1524
42.5166
56.4449
39.4468
44.91
86.7209
27.4782
46.3618
47.3822
61.4908
48.5118
9.30475
36.1399
42.2705
53.602
51.965
90.7213
99.1359
32.5216
32.148
35.3136
43.6024
15.2839
54.1746
63.6185
74.4202
22.9212
23.6949
38.7599
69.7839
41.8263
44.7332
44.171
61.997
53.6073
38.8106
64.6217
36.3324
41.2445
10.9421
36.1159
67.0812
74.8813
53.3324
43.3985
32.3168
47.2503
98.2289
43.1699
60.6106
35.9941
42.3065
57.5302
85.3563
78.4345
65.2107
20.6476
43.1363
35.479
24.5708
33.0528
68.4852
74.9247
52.7058
100.861
81.9721
45.2833
10.1116
11.1595
36.2052
10.8345
35.4451
48.5726
90.8587
34.6645
43.7964
40.4098
51.6366
88.7809
66.0189
68.237
43.8467
37.1826
55.0393
26.2925
3.27941
32.1424
38.3945
82.5304
29.794
56.5837
36.3172
46.6478
34.5924
12.5344
79.4644
30.5943
44.8845
68.2366
67.0259
43.4161
42.4135
48.0324
69.6832
95.8699
38.6078
25.1051
35.5475
68.3996
38.5162
47.5508
43.6006
41.262
40.7694
41.1649
70.5568
38.1059
61.2439
76.2065
3.23871
42.2849
86.5086
37.6036
36.7857
86.2321
47.1332
46.6783
100.007
70.1825
68.7804
59.0325
50.9845
45.5435
35.8055
18.6805
40.467
42.6773
71.6464
28.0796
96.9471
31.7337
70.9524
31.1842
95.0149
32.8287
62.2259
39.1271
45.5508
41.6099
17.1212
88.8183
31.5503
87.3761
79.5923
82.9618
42.7584
39.2444
42.4058
44.0363
103.733
89.092
36.261
39.4063
79.5368
72.1061
75.7878
40.1373
71.6986
42.0232
39.2428
41.5669
66.1658
41.8418
94.1008
43.8951
70.1184
106.58
33.2669
38.8634
71.8818
31.6561
14.7703
9.53058
38.4438
74.5249
13.6128
78.3426
115.925
69.3577
81.2426
58.8684
71.7853
57.0175
68.2065
74.0622
68.2979
44.7708
50.5545
77.5746
39.5054
57.6872
26.3835
32.5549
43.0627
23.4544
15.041
44.6644
42.0775
60.3784
70.6863
30.882
82.8
61.7805
37.1449
39.8591
94.2694
56.4316
33.768
94.1926
36.6906
74.337
93.9468
104.813
69.194
69.888
57.007
77.5918
9.26721
30.5409
43.2812
79.0814
82.0302
44.3064
22.0628
20.4564
12.5702
43.8843
107.173
48.1773
57.277
43.7861
44.7838
44.4028
61.9953
51.2356
34.7838
95.788
71.437
79.7095
17.4723
101.646
60.5184
38.3107
81.0102
7.94609
42.3405
42.0761
38.5577
54.3986
51.4979
73.408
60.5745
77.0181
79.812
95.7433
36.7224
131.766
41.6654
99.4968
85.1955
12.0252
44.498
48.1788
53.8506
37.1576
78.0977
39.312
30.1322
4.36523
70.9924
72.1965
30.5923
36.5003
39.4822
60.6866
3.22639
59.0574
9.35065
42.001
67.7728
43.1444
31.2383
36.6688
41.7816
41.7657
87.6451
96.0551
79.5293
40.2619
6.09424
54.1712
26.5799
52.3516
31.8472
67.9544
17.64
68.2836
4.32627
90.7589
51.8683
76.2941
23.4556
150.577
35.7143
74.739
71.9326
59.5135
13.3814
1.12659
39.7246
43.1889
23.9466
84.1568
58.6754
46.6544
78.8125
53.2631
76.9439
37.5334
58.4163
15.3237
55.4885
18.7002
38.5146
87.158
36.5595
65.1744
29.2519
80.3449
36.0387
43.9003
52.7036
39.0238
30.3811
69.6627
40.0042
118.811
51.9086
37.5436
44.0081
28.6244
35.0722
75.6926
35.3972
69.0476
51.0702
81.6377
49.9192
58.6319
58.4778
49.2505
17.4395
55.3265
62.4186
70.9803
42.8261
40.7418
32.8405
41.4449
68.9771
27.9623
51.4017
35.0647
66.1466
42.4648
33.5748
85.835
99.3004
48.8938
25.5158
97.3864
76.8289
47.2117
37.492
33.5221
55.5799
34.4294
45.3461
101.045
87.1301
59.7966
67.5237
86.6297
25.6606
48.9868
33.4255
35.1767
39.1833
41.5232
39.791
67.4234
46.3435
69.2444
