39.6215
19.7173
42.8214
15.7301
26.8039
35.3951
40.7782
27.7614
12.1779
3.01858
26.1015
10.7912
35.3419
48.4771
30.11
20.3595
5.75138
45.1709
26.3639
43.4814
4.13372
36.7657
43.6671
44.5408
22.7303
15.6747
37.035
72.8523
24.8211
44.9015
45.2397
30.798
38.4548
44.7231
32.4491
37.6646
36.2854
39.8958
41.0089
28.1015
54.5261
53.1646
57.8727
38.505
34.3012
37.6347
46.0189
60.1114
33.9077
67.1914
17.9682
59.6663
38.5354
40.0586
17.15
26.6917
30.6134
45.63
37.1975
47.8583
46.3464
41.4194
34.3825
30.1058
36.9352
16.6661
46.9806
33.9377
43.9171
44.477
39.7547
50.5871
29.2814
42.1334
53.5488
33.5845
44.6676
42.2429
39.1612
12.0776
41.8064
41.5206
34.5622
33.8233
47.6517
32.3161
41.0143
42.724
51.8873
18.8006
26.5291
33.3417
30.3212
43.9816
36.6393
37.8309
40.8749
23.733
33.2291
52.3861
25.993
43.7054
17.9888
42.8476
35.4315
30.6905
22.8567
37.8468
33.5779
47.1958
38.1956
38.7831
29.6627
36.7983
41.6252
38.7873
22.8217
40.5475
40.7299
36.8735
24.6406
3.13178
36.9906
33.3185
47.6408
37.264
33.6328
43.2579
31.9775
36.1
28.8595
43.3314
45.5349
50.9523
19.0792
4.05361
41.652
24.0833
24.3922
40.6486
25.9186
21.4431
42.1058
38.9155
42.0097
22.0461
32.126
38.742
40.0035
1.0518
19.3027
30.8718
44.0709
42.827
32.7047
18.9655
47.1374
33.6233
37.7792
12.1129
56.7747
46.3231
38.533
19.5215
6.12324
37.3241
31.9532
37.1571
28.1702
25.3728
38.1967
38.755
22.1769
45.7065
24.9279
38.2104
11.7828
28.6081
37.4226
21.2219
22.9583
42.5646
18.8232
57.4956
37.5653
33.39
16.5145
26.8714
42.3854
38.1687
37.2995
36.5419
47.4775
38.6089
36.6544
16.4855
43.3423
32.6378
55.7103
6.79296
42.2878
21.465
41.7802
43.9632
38.3274
37.5373
54.9992
39.3067
37.3948
38.0523
22.235
43.1665
49.9905
18.8645
43.2633
40.7824
41.7278
33.317
42.1287
41.427
31.8578
27.5448
11.1026
30.5599
48.1553
45.2253
23.683
37.7024
37.0296
40.4729
18.5842
31.943
5.78781
37.5407
34.2515
36.4444
45.3738
33.3316
35.2741
49.4978
14.4324
7.71035
25.4687
35.9442
31.9077
27.4389
19.6726
43.5784
41.1018
32.6084
33.9133
31.4541
39.0491
42.4725
31.4698
46.1179
37.4868
1.03589
48.6451
33.1609
45.2105
43.356
35.6892
38.5678
12.947
43.7809
1.03271
37.9303
51.2184
32.6667
52.443
32.5261
28.8824
44.8566
36.3361
44.7497
35.2599
35.8947
43.7055
37.2606
38.1083
24.3715
37.6311
47.4217
38.4695
43.6977
40.0383
39.3096
48.1369
42.9985
63.1854
39.9104
8.16833
54.7267
40.2282
19.4474
34.8317
32.6753
35.3988
5.33316
32.1309
42.9644
22.8413
8.88361
30.3715
37.0709
35.7279
14.7378
7.795
32.7917
39.2038
35.6947
30.2153
39.7237
41.8192
27.6553
43.102
13.0348
15.8884
33.6045
28.2665
67.2993
42.9923
39.102
40.4736
35.9761
69.3457
40.6551
14.2382
36.4488
36.4927
36.5359
34.6132
12.0587
54.2763
29.9234
1.05626
31.8706
26.5711
40.891
19.3347
40.7816
38.8432
30.5659
32.5993
17.6751
41.9839
20.0409
14.8474
42.6863
39.0894
33.1664
34.4304
31.3175
43.0097
49.7004
31.8027
38.6893
23.2772
14.6346
36.0986
17.0818
3.72203
22.1333
38.1615
18.7203
27.28
44.6652
41.5175
39.2616
44.9834
45.2926
35.9461
42.6305
42.289
53.9785
36.1789
48.4914
42.1886
28.6431
54.8057
36.6577
33.1176
36.6015
51.3518
25.0897
46.649
19.9384
33.6497
44.1285
43.1676
37.0977
31.599
47.1708
34.8218
25.4008
44.4091
13.3407
34.8825
43.6325
45.9342
43.9917
46.1761
40.9543
42.9597
39.779
27.8202
50.3177
43.5147
24.5323
50.1133
52.5267
13.3588
26.2196
44.0288
33.6199
8.25148
29.4188
37.2079
33.9052
41.9537
28.9059
45.6522
29.2687
31.1477
34.7519
30.4779
45.2027
34.7779
26.5999
3.9657
38.9221
36.5776
38.7644
35.0923
40.4443
40.491
28.1205
48.3623
18.937
58.6929
6.23214
33.5559
29.306
49.5623
33.9189
50.3403
31.1608
6.2177
48.9158
7.37768
41.7071
24.0977
33.01
34.2432
42.0244
31.3545
43.1703
43.5969
45.4352
26.1418
35.2467
45.9321
40.8864
52.7326
24.1685
46.8599
23.6
10.8774
15.7189
18.8387
37.2769
53.768
45.0397
38.6295
39.8239
42.2364
35.1435
30.4653
21.927
46.9003
29.3993
44.5868
44.4466
47.5816
34.037
34.6491
19.7682
35.2698
27.0576
39.2669
36.3861
35.9012
50.6911
35.1539
10.9923
35.2393
24.6227
39.8363
39.2481
27.1225
35.6553
40.2709
46.6921
46.5104
9.98151
15.9688
47.9044
37.0257
52.6823
35.9979
40.771
29.6841
34.3311
26.8162
32.1824
48.6908
48.8697
35.8619
35.3902
41.969
43.7453
36.9585
15.3209
10.0101
42.8674
6.14775
42.7192
40.3875
36.2638
44.6257
25.3298
6.22276
32.9678
37.4205
39.3539
11.8718
37.7338
5.3217
24.5712
29.1848
40.9358
27.7104
36.7328
42.9565
56.0279
43.075
34.7562
5.20428
18.2012
12.2351
39.2892
84.7428
45.6066
48.2047
62.2371
47.2047
33.4589
10.1995
30.6895
65.8802
39.2317
43.0506
37.2368
44.544
42.6937
36.6299
23.144
34.8044
14.7764
32.996
46.3074
44.8535
46.6691
31.0121
34.1258
41.5175
35.6036
47.9607
29.2197
50.3701
30.4631
26.3182
40.5212
28.6716
48.4778
32.4813
43.9632
32.242
13.2319
48.4904
25.3725
58.3566
47.6955
10.3008
39.6199
38.133
39.9873
42.4407
31.6477
22.2719
44.7473
44.9671
15.1682
46.2736
47.2694
34.6577
26.8451
6.04845
35.8718
41.917
30.6058
28.2296
46.2333
50.118
18.2378
18.3515
35.1896
43.3201
9.14958
30.2545
35.6419
38.287
13.4675
13.1488
38.5415
36.6082
41.7375
25.4206
44.0258
34.5396
29.944
38.5596
35.3318
36.1198
40.8854
6.96501
20.5786
37.1864
40.8708
30.1885
43.2664
32.0954
46.9814
48.8943
42.7848
33.3897
20.4016
42.1815
32.3115
45.3314
42.3676
35.1674
11.8648
42.9027
20.1271
13.9897
18.5162
37.6597
39.9437
27.3901
53.4753
43.3964
45.0895
6.32501
7.10472
35.9949
6.56333
35.3827
48.1955
45.8534
34.407
24.3571
40.2435
28.5934
46.3459
35.9802
37.2453
43.8769
37.0558
28.3424
14.9145
3.11639
32.0546
21.5593
41.4908
29.6703
30.1052
21.0453
26.1125
34.4978
7.8621
44.0438
16.7511
44.693
38.7831
35.7379
43.3411
42.2964
47.5265
38.5276
47.7179
38.5087
14.0588
35.2927
34.7547
38.3011
47.5321
43.4995
41.2493
22.2003
41.0411
38.488
37.9015
32.7433
37.9774
3.08184
42.1618
46.0223
37.6549
36.669
46.2009
26.6815
25.4194
54.3521
37.8529
37.8619
32.5869
50.9615
45.1757
35.618
11.3171
40.3684
42.4865
36.6923
16.2278
48.9094
31.6035
38.2218
30.8959
48.3554
18.0352
34.3507
21.8464
25.5497
41.3732
10.0393
44.1709
31.3624
43.9781
41.8725
45.2993
24.142
22.4104
42.2546
24.3954
51.5883
47.2093
36.2084
39.2873
41.4234
39.7191
38.7454
40.0254
37.3956
23.6057
39.035
41.4164
37.1585
41.7115
46.8852
24.169
35.2264
57.915
33.1134
38.7172
39.319
31.5374
8.86023
5.90326
38.4193
37.4831
8.18233
43.4301
63.5752
37.0279
42.8642
32.1882
39.0252
30.6007
38.1147
38.8476
34.9856
44.5714
26.8126
41.3586
39.3815
32.1313
14.8261
32.3088
43.0337
13.8936
9.11779
44.551
41.8336
32.8311
37.0784
30.8293
45.8662
34.4375
21.0449
39.8167
51.1475
29.9619
19.455
49.5827
20.7926
41.1102
49.1461
55.7596
34.9514
35.162
31.7761
38.8113
6.07852
16.883
43.0335
40.9876
42.5111
24.5594
12.0755
11.8607
7.89152
43.5863
54.7198
48.0685
31.7251
43.8039
44.6136
44.3616
33.9801
51.0938
34.5795
51.0699
39.9622
44.6077
9.98152
52.6941
31.6452
21.5196
40.7298
5.2724
42.2239
41.9109
21.6571
27.3141
28.6494
40.2326
32.8202
43.143
39.8065
50.7026
36.521
65.7455
41.2823
52.2767
44.8671
7.23816
44.291
26.9151
30.039
21.1122
42.7782
39.1634
30.0113
4.13432
38.8729
37.8927
16.8233
36.4071
39.4667
33.1945
3.0583
33.5522
6.06086
41.9273
35.5866
43.0868
17.8991
36.5954
41.6451
41.5277
44.9066
50.9179
39.9423
22.3556
4.01892
27.7987
15.0185
29.2364
17.946
36.9828
10.6572
36.3536
4.09471
49.9136
51.7704
42.1159
13.7715
78.6174
35.5329
37.8412
35.8277
30.5513
8.1389
1.06498
39.6309
24.4887
13.8412
46.5997
33.7132
46.7164
40.7305
29.3273
42.8479
37.4
31.2932
9.27091
31.4213
11.1114
38.1573
47.9474
36.5398
36.3515
16.8182
44.1573
35.979
24.1776
29.4112
38.8837
30.2725
34.9316
22.4145
61.2835
29.2583
37.2834
24.5127
16.5519
34.8788
38.0188
35.1659
37.3675
27.8414
44.8401
49.664
32.1987
32.4107
27.5085
9.98293
27.821
34.6211
37.5248
42.6541
40.577
32.7352
22.2672
37.7189
16.5968
28.144
34.9253
37.2514
42.7265
33.4194
46.3721
50.5313
26.8721
14.019
48.5177
38.219
26.2454
37.4621
33.4218
31.1696
34.2349
45.0924
52.4527
44.2338
32.969
37.7162
44.4552
15.1972
27.4214
18.558
35.0481
39.168
41.3109
39.6687
33.6278
46.0163
38.5132
