ga100 ga1000 ga1200 ga1400 ga1600 ga1800 ga200 ga2000 ga400 ga600 ga800
7	7	11	6	14	7	7	4	7	12	6
1	1	1	1	1	1	1	1	1	1	1
1	1	1	1	1	1	1	1	1	1	1
20	11	14	16	15	43	162	20	14	24	11
1	1	1	1	1	1	1	1	1	1	1
11	14	11	4	10	7	9	13	8	15	6
25	171	55	14	43	35	16	60	129	110	85
2	2	2	2	2	2	2	2	2	2	2
1	1	1	1	1	1	1	1	1	1	1
2	2	2	2	2	2	2	2	2	2	2
1	1	1	1	1	1	1	1	1	1	1
140	77	81	43	49	99	49	59	51	139	68
2	2	2	2	2	2	2	2	2	2	2
2	2	2	2	2	2	2	2	2	2	2
1	1	1	1	1	1	1	1	1	1	1
1	1	1	1	1	1	1	1	1	1	1
1	1	1	1	1	1	1	1	1	1	1
2	3	4	2	4	2	2	2	3	2	2
2	2	2	2	2	2	2	2	2	2	2
19	16	5	8	11	17	10	17	9	11	14
1	1	1	1	1	1	1	1	1	1	1
1	1	1	1	1	1	1	1	1	1	1
1	1	1	1	1	1	1	1	1	1	1
169	17	35	30	53	14	26	16	26	25	17
2	2	2	2	2	2	2	2	2	2	2
7	52	15	29	17	95	10	11	70	11	44
9	55	196	198	11	86	18	7	125	36	3
15	5	10	19	15	27	22	8	20	11	10
1	1	1	1	1	1	1	1	1	1	1
1	1	1	1	1	1	1	1	1	1	1
1	1	1	1	1	1	1	1	1	1	1
1	1	1	1	1	1	1	1	1	1	1
1	1	1	1	1	1	1	1	1	1	1
1	1	1	1	1	1	1	1	1	1	1
1	1	1	1	1	1	1	1	1	1	1
1	1	1	1	1	1	1	1	1	1	1
1	1	1	1	1	1	1	1	1	1	1
2	2	3	2	2	3	2	2	2	2	2
1	1	1	1	1	1	1	1	1	1	1
1	1	1	1	1	1	1	1	1	1	1
2	2	2	2	2	2	2	2	2	2	2
37	29	17	34	88	59	41	74	40	18	26
2	2	2	2	2	2	2	2	2	2	2
1	1	1	1	1	1	1	1	1	1	1
2	2	2	2	2	3	2	2	2	2	2
1	1	1	1	1	1	1	1	1	1	1
1	1	1	1	1	1	1	1	1	1	1
2	2	2	2	2	2	2	2	2	2	2
1	1	1	1	1	1	1	1	1	1	1
2	2	2	2	2	2	2	2	2	2	2
3	7	2	2	4	12	6	4	4	2	7
12	10	8	2	8	26	9	35	19	8	8
1	1	1	1	1	1	1	1	1	1	1
2	2	2	2	2	2	2	2	2	2	2
13	20	23	12	13	19	13	9	12	20	21
2	2	2	2	2	2	2	2	2	2	2
53	9	26	69	157	31	57	83	46	31	46
1	1	1	1	1	1	1	1	1	1	1
1	1	1	1	1	1	1	1	1	1	1
2	2	2	2	2	2	2	2	2	2	2
29	20	130	20	186	78	178	54	62	153	156
1	1	1	1	1	1	1	1	1	1	1
2	2	2	2	2	2	2	2	2	2	2
1	1	1	1	1	1	1	1	1	1	1
3	3	2	3	3	2	2	2	2	2	3
1	1	1	1	1	1	1	1	1	1	1
4	3	4	5	6	3	3	3	4	5	7
2	2	2	2	2	2	2	2	2	2	2
2	2	2	2	2	2	2	2	2	2	2
1	1	1	1	1	1	1	1	1	1	1
1	1	1	1	1	1	1	1	1	1	1
1	1	1	1	1	1	1	1	1	1	1
6	7	3	7	10	19	9	6	17	5	4
26	18	19	14	18	15	82	7	11	26	34
5	21	15	6	20	10	24	19	21	29	12
8	9	14	50	62	15	23	118	31	15	183
1	1	1	1	1	1	1	1	1	1	1
14	91	84	30	69	96	17	9	51	35	15
1	1	1	1	1	1	1	1	1	1	1
5	5	4	5	3	4	4	4	8	6	4
21	21	8	65	9	7	15	7	19	5	26
1	1	1	1	1	1	1	1	1	1	1
25	10	16	11	28	10	5	13	10	9	8
1	1	1	1	1	1	1	1	1	1	1
13	66	32	126	42	178	35	22	47	72	24
2	2	2	2	2	2	2	2	2	2	2
6	6	6	15	9	17	5	8	6	3	4
1	1	1	1	1	1	1	1	1	1	1
1	1	1	1	1	1	1	1	1	1	1
1	1	1	1	1	1	1	1	1	1	1
1	1	1	1	1	1	1	1	1	1	1
2	2	2	2	2	2	2	2	2	2	2
1	1	1	1	1	1	1	1	1	1	1
52	101	20	22	63	19	25	84	11	20	50
8	3	12	9	7	7	10	7	11	6	14
2	2	2	2	2	2	2	2	2	2	2
1	1	1	1	1	1	1	1	1	1	1
1	1	1	1	1	1	1	1	1	1	1
77	17	12	18	23	8	9	10	10	28	20
2	8	3	6	3	2	4	2	6	9	2
