 t200 t500 t800 t1000 t1200
1	1	1	1	1
1	1	1	1	1
2	2	2	2	2
40	7	24	18	4
21	8	15	11	25
115	8	2	28	68
2	2	2	2	2
7	9	5	9	5
1	1	1	1	1
6	3	3	4	5
2	96	70	30	3
1	1	1	1	1
1	1	1	1	1
2	2	2	2	2
2	2	2	2	2
1	1	1	1	1
2	2	2	2	2
1	1	1	1	1
2	2	2	2	2
1	1	1	1	1
1	1	1	1	1
32	36	71	11	5
1	1	1	1	1
1	1	1	1	1
1	1	1	1	1
2	2	4	5	7
1	1	1	1	1
1	1	1	1	1
1	1	1	1	1
1	1	1	1	1
1	1	1	1	1
1	1	1	1	1
1	1	1	1	1
1	1	1	1	1
2	2	2	2	2
1	1	1	1	1
1	1	1	1	1
2	2	2	2	2
6	3	2	4	4
1	1	1	1	1
1	1	1	1	1
1	1	1	1	1
2	2	2	2	2
1	1	1	1	1
2	2	2	2	2
1	1	1	1	1
1	1	1	1	1
28	15	29	10	19
2	2	2	2	2
2	2	2	2	2
1	1	1	1	1
2	2	2	2	2
2	2	2	2	2
3	3	2	2	4
1	1	1	1	1
148	123	42	49	109
157	73	17	53	36
1	1	1	1	1
1	1	1	1	1
2	2	2	2	2
5	11	16	5	2
1	1	1	1	1
20	6	23	3	32
2	2	2	2	2
4	9	21	129	2
1	1	1	1	1
2	2	2	2	2
6	11	11	104	17
1	1	1	1	1
1	1	1	1	1
1	1	1	1	1
3	5	3	10	7
2	2	2	2	2
2	2	2	2	2
2	2	2	2	2
1	1	1	1	1
18	11	55	14	23
1	1	1	1	1
2	2	2	2	2
2	2	2	2	2
2	2	2	2	2
2	2	3	2	2
2	2	2	2	2
1	1	1	1	1
42	48	85	24	12
1	1	1	1	1
9	20	13	18	62
23	105	10	26	26
1	1	1	1	1
1	1	1	1	1
8	20	8	8	10
2	2	2	2	2
2	2	2	2	2
30	150	26	24	35
3	2	3	3	2
21	23	11	11	26
1	1	1	1	1
8	4	4	5	9
2	2	2	2	2
2	3	3	3	12
ga1000 ga1200 ga200 ga500 ga800
1	1	1	1	1
1	1	1	1	1
2	2	2	2	2
18	4	40	7	24
11	25	21	8	15
28	68	115	8	2
2	2	2	2	2
9	5	7	9	5
1	1	1	1	1
4	5	6	3	3
30	3	2	96	70
1	1	1	1	1
1	1	1	1	1
2	2	2	2	2
2	2	2	2	2
1	1	1	1	1
2	2	2	2	2
1	1	1	1	1
2	2	2	2	2
1	1	1	1	1
1	1	1	1	1
11	5	32	36	71
1	1	1	1	1
1	1	1	1	1
1	1	1	1	1
5	7	2	2	4
1	1	1	1	1
1	1	1	1	1
1	1	1	1	1
1	1	1	1	1
1	1	1	1	1
1	1	1	1	1
1	1	1	1	1
1	1	1	1	1
2	2	2	2	2
1	1	1	1	1
1	1	1	1	1
2	2	2	2	2
4	4	6	3	2
1	1	1	1	1
1	1	1	1	1
1	1	1	1	1
2	2	2	2	2
1	1	1	1	1
2	2	2	2	2
1	1	1	1	1
1	1	1	1	1
10	19	28	15	29
2	2	2	2	2
2	2	2	2	2
1	1	1	1	1
2	2	2	2	2
2	2	2	2	2
2	4	3	3	2
1	1	1	1	1
49	109	148	123	42
53	36	157	73	17
1	1	1	1	1
1	1	1	1	1
2	2	2	2	2
5	2	5	11	16
1	1	1	1	1
3	32	20	6	23
2	2	2	2	2
129	2	4	9	21
1	1	1	1	1
2	2	2	2	2
104	17	6	11	11
1	1	1	1	1
1	1	1	1	1
1	1	1	1	1
10	7	3	5	3
2	2	2	2	2
2	2	2	2	2
2	2	2	2	2
1	1	1	1	1
14	23	18	11	55
1	1	1	1	1
2	2	2	2	2
2	2	2	2	2
2	2	2	2	2
2	2	2	2	3
2	2	2	2	2
1	1	1	1	1
24	12	42	48	85
1	1	1	1	1
18	62	9	20	13
26	26	23	105	10
1	1	1	1	1
1	1	1	1	1
8	10	8	20	8
2	2	2	2	2
2	2	2	2	2
24	35	30	150	26
3	2	3	2	3
11	26	21	23	11
1	1	1	1	1
5	9	8	4	4
2	2	2	2	2
3	12	2	3	3
