4.7500000000
-200
-200
20.9166666667
-200
116.9166666667
130.6666666667
92.0000000000
-200
0.7500000000
-200
0.0000000000
14.0000000000
225.0000000000
-200
-200
-200
290.6666666667
1.0000000000
254.6666666667
-200
-200
-200
3.0000000000
24.6666666667
2.6666666667
5.6666666667
4.9166666667
-200
-200
-200
-200
-200
-200
-200
-200
-200
110.2500000000
-200
-200
42.7500000000
3.0000000000
179.6666666667
-200
4.7500000000
-200
-200
323.6666666667
-200
2668.3333333333
29.6666666667
8.6666666667
-200
10.6666666667
85.6666666667
4.7500000000
4.9166666667
-200
-200
65.3333333333
0.0000000000
-200
92.6666666667
-200
96.9166666667
-200
72.6666666667
71.3333333333
155.0000000000
-200
-200
-200
156.9166666667
12.9166666667
5.6666666667
10.9166666667
-200
14.6666666667
-200
11.0000000000
10.2500000000
-200
20.9166666667
-200
8.2500000000
66.6666666667
76.9166666667
-200
-200
-200
-200
2.0000000000
-200
4.9166666667
21.6666666667
164.2500000000
-200
-200
2.6666666667
50.9166666667
