time_ga100 time_ga1000 time_ga1200 time_ga1400 time_ga1600 time_ga1800 time_ga200 time_ga2000 time_ga400 time_ga600 time_ga800
2.2013410000 2.1279220000 2.1527080000 2.1686270000 2.2150880000 2.2365800000 2.2174960000 2.1522910000 2.2347160000 2.2468940000 2.1950700000
4.72946 4.60799 4.59694 4.59536 4.72293 4.7207 4.7283 4.72252 4.72518 4.72984 4.7207
3.98364 3.87513 3.88911 3.86735 3.97381 3.9755 3.97152 3.97548 3.97889 3.97938 3.97716
1.9872670000 1.5973200000 1.9865210000 1.7995600000 1.8652710000 1.9463990000 1.5221070000 1.9396430000 1.5720520000 1.8466670000 1.7337160000
3.21158 3.15438 3.18018 3.15105 3.24704 3.24416 3.23678 3.2514 3.24454 3.24809 3.23882
3.6885600000 3.7439790000 3.6269700000 3.4590940000 3.6841750000 3.6300200000 3.7676660000 3.7245910000 3.6845260000 3.6028910000 3.4679650000
1.5712310000 1.2776430000 1.3896290000 1.4866270000 1.3972020000 1.6401970000 1.2487040000 1.5788470000 1.6721970000 1.5753920000 1.4968560000
1.7106420000 1.6992160000 1.6847010000 1.6771620000 1.7414020000 1.7434300000 1.7444630000 1.7291940000 1.7226570000 1.7383850000 1.7317360000
3.25087 3.18906 3.19424 3.19246 3.27309 3.27276 3.27404 3.28244 3.28827 3.27653 3.27697
1.5928960000 1.5359660000 1.5670620000 1.5735630000 1.6541200000 1.5615860000 1.6018390000 1.5839470000 1.6105130000 1.5725970000 1.6061140000
3.51659 3.44742 3.45968 3.43952 3.53535 3.53695 3.52832 3.52771 3.55331 3.53065 3.53409
3.4265700000 3.4233870000 4.1168500000 3.9019160000 3.8707190000 4.0544680000 3.7292360000 3.5092360000 3.3081890000 3.8044480000 3.9370190000
2.9100420000 2.8316810000 2.8410620000 2.8160740000 2.8890930000 2.9098890000 2.9245570000 2.8724200000 2.9301570000 2.8974790000 2.8982180000
2.3980520000 2.2816640000 2.4703390000 2.3940130000 2.3572350000 2.4172940000 2.4219590000 2.4505000000 2.3669490000 2.4583660000 2.4353490000
4.91407 4.84499 4.8591 4.85676 4.97734 4.97729 4.97941 4.98172 5.00476 4.9841 4.97849
3.51435 3.48374 3.48668 3.47164 3.56507 3.56678 3.5733 3.57006 3.57933 3.57338 3.57025
2.83335 2.80425 2.80574 2.79081 2.86826 2.8658 2.88012 2.87068 2.87436 2.87602 2.8723
2.4030420000 2.3760900000 2.4463620000 2.4130600000 2.3812640000 2.4894450000 2.3918220000 2.4066850000 2.4153950000 2.3223520000 2.5463150000
1.9696760000 1.9588010000 1.9744280000 1.9903590000 1.9960610000 2.0049450000 1.9719920000 2.0461370000 2.0269240000 1.9824010000 1.9719320000
2.6497040000 2.6236190000 2.5804100000 2.4785110000 2.5712000000 2.6985640000 2.5793250000 2.7516410000 2.5211590000 2.7861730000 2.6791450000
3.64569 3.58514 3.57048 3.57742 3.66407 3.66415 3.6713 3.67375 3.6693 3.67584 3.66709
4.62967 4.50786 4.51642 4.50683 4.62803 4.64115 4.64781 4.63566 4.63788 4.64976 4.63049
3.56453 3.4818 3.48611 3.48433 3.57586 3.57585 3.58683 3.57524 3.58238 3.58251 3.57628
2.2351540000 2.7330770000 2.2281380000 2.5217820000 2.6597360000 2.1718920000 2.4225710000 2.5988510000 2.5803490000 2.3153760000 2.0011320000
2.9549360000 2.9185890000 2.8379820000 2.8458840000 2.9491930000 2.9627550000 2.9454650000 2.9350860000 2.8933450000 2.9396420000 2.9192640000
4.0096920000 4.0114310000 4.0357370000 3.9479710000 4.1878170000 4.1396030000 4.2468760000 4.0350520000 4.1369990000 4.1544930000 4.0650480000
1.2284680000 1.3060530000 1.6342780000 1.2914350000 1.5077230000 1.4556100000 1.5646420000 1.5358760000 1.4360940000 1.4119420000 1.4242650000
3.4585350000 3.3811730000 3.3810930000 3.5020710000 3.3310920000 3.3470290000 3.4640940000 3.5798540000 3.3349980000 3.5574360000 3.4885780000
3.65333 3.612 3.60984 3.6196 3.71004 3.71774 3.71173 3.71037 3.70798 3.71049 3.7126
5.46221 5.40955 5.40865 5.4261 5.54992 5.57042 5.55878 5.55087 5.55075 5.55859 5.5586
4.61901 4.5397 4.533 4.54259 4.67282 4.65734 4.66498 4.66681 4.66384 4.6703 4.67023
3.36368 3.29249 3.29654 3.28875 3.37788 3.37679 3.37961 3.38133 3.38137 3.37919 3.38298
4.80026 4.70994 4.69938 4.71634 4.83091 4.83038 4.83115 4.84214 4.82705 4.83233 4.83123
3.41514 3.37365 3.3646 3.37283 3.45999 3.46717 3.4593 3.45633 3.45556 3.45939 3.4599
4.785 4.73101 4.70758 4.7248 4.83294 4.83577 4.83443 4.8354 4.84039 4.8428 4.83827
3.80268 3.75206 3.74956 3.75225 3.84844 3.84977 3.85291 3.84617 3.84828 3.8477 3.8513
2.86037 2.82434 2.82469 2.8262 2.89701 2.89852 2.90563 2.90058 2.9016 2.90068 2.89974
1.8008860000 1.7428530000 1.7741540000 1.5951920000 1.5746100000 1.9227000000 1.9431380000 1.6993140000 1.9330230000 1.7775140000 1.7597700000
4.37324 4.32836 4.31437 4.32722 4.43572 4.43644 4.4434 4.42796 4.44061 4.4319 4.4318
3.83613 3.79753 3.79105 3.79319 3.88959 3.89062 3.89393 3.89147 3.89449 3.90013 3.89938
1.2961650000 1.3168880000 1.3066300000 1.3245160000 1.3464720000 1.3655250000 1.3413570000 1.3665020000 1.3345460000 1.3171180000 1.3311950000
2.3021960000 2.1064590000 1.9487320000 2.1149800000 2.0504030000 2.3531040000 2.3182530000 2.1348870000 2.2241260000 2.3050570000 2.2865090000
2.5675820000 2.6058090000 2.5894450000 2.6423470000 2.6794920000 2.6533010000 2.6414030000 2.6890340000 2.6542970000 2.6850020000 2.7000650000
5.42973 5.35089 5.34869 5.35336 5.49717 5.49947 5.49221 5.49437 5.50222 5.49513 5.49314
1.7540890000 1.7378860000 1.7574010000 1.7254870000 1.7617350000 1.7699870000 1.7512260000 1.7776030000 1.7918100000 1.7534910000 1.7617510000
4.62171 4.54951 4.54728 4.55743 4.66639 4.66036 4.66564 4.66617 4.66984 4.67149 4.66715
3.60479 3.57404 3.56805 3.5715 3.67039 3.66555 3.67421 3.6684 3.66393 3.66787 3.66665
1.3727200000 1.3795400000 1.3399510000 1.3643280000 1.4257510000 1.4366320000 1.3882950000 1.3477970000 1.3810900000 1.3740650000 1.3643060000
3.73348 3.71755 3.71804 3.72213 3.81968 3.81491 3.81414 3.81843 3.81432 3.81634 3.81903
3.8181040000 3.7870070000 3.8841010000 3.8973190000 3.8500080000 3.7839020000 3.9103450000 3.8559100000 3.7820220000 3.7980550000 3.8834700000
3.1520470000 3.1151770000 2.9874700000 3.1545870000 3.1035610000 3.2565870000 3.1987420000 3.2055490000 3.2819440000 3.0997510000 2.9574410000
1.5710760000 1.6553790000 1.8316680000 1.8658700000 1.8207310000 1.7699530000 1.8804380000 1.6745840000 1.6148440000 1.7217810000 1.7396450000
5.07899 5.05179 5.05283 5.06843 5.19497 5.19471 5.20244 5.19125 5.20074 5.195 5.19388
0.4843790000 0.4764700000 0.4824950000 0.4802380000 0.5060270000 0.4917830000 0.4973680000 0.4928980000 0.4958230000 0.5026380000 0.4961850000
1.9829710000 1.9074860000 1.9287690000 2.1171790000 2.1196230000 1.8558100000 1.5820770000 1.9878070000 2.0735500000 1.8544980000 2.0458370000
1.2320450000 1.2315100000 1.2134410000 1.2287810000 1.2412320000 1.2485880000 1.2628010000 1.2565840000 1.2418050000 1.2624480000 1.2596390000
1.5149180000 1.4699050000 1.5542150000 1.5146980000 1.4345620000 1.4136740000 1.5671380000 1.7538310000 1.1715050000 1.5911130000 1.5726160000
4.42923 4.403 4.3992 4.40179 4.53254 4.54022 4.52131 4.52159 4.512 4.53689 4.51743
4.15043 4.13215 4.13033 4.14444 4.2512 4.24599 4.24744 4.24482 4.24271 4.25052 4.24984
1.0324780000 1.0378970000 1.0454850000 1.1215980000 1.1342550000 1.1472780000 1.0764320000 1.1008070000 1.0761170000 1.1184910000 1.1057080000
1.9742550000 2.1636730000 1.8612890000 2.0468760000 2.0172350000 2.2848780000 2.3044420000 1.8972150000 2.1925320000 2.1727830000 2.1565970000
4.57561 4.4759 4.46521 4.47516 4.60722 4.58747 4.59203 4.59539 4.59255 4.59281 4.59286
2.3052660000 2.3780940000 2.3903740000 2.3621650000 2.4680100000 2.3620740000 2.3645880000 2.2992460000 2.4188330000 2.3663170000 2.3884900000
5.26769 5.23435 5.25393 5.25896 5.39093 5.38806 5.3834 5.3748 5.37569 5.3923 5.38524
2.9106080000 2.8765700000 2.9587690000 2.9650870000 3.0097190000 3.0794840000 3.0234620000 3.0740380000 3.1583790000 2.9603200000 2.9585000000
4.63708 4.58427 4.58437 4.60671 4.71843 4.71052 4.7138 4.70627 4.71302 4.71325 4.70882
3.0103410000 3.1195850000 3.0148810000 3.0502940000 3.2201560000 3.1902690000 3.2184760000 3.0240930000 3.1915200000 3.1709850000 3.0884040000
1.1248630000 0.9116000000 0.8754340000 0.8873400000 1.1167280000 1.1668540000 0.9204460000 1.1542890000 1.1274380000 1.1212710000 1.0013010000
1.8996260000 1.9552270000 1.8879320000 1.9568540000 1.8997220000 1.9286210000 1.9985800000 2.0112570000 1.9655090000 2.0057890000 1.9169720000
4.76539 4.67619 4.68752 4.80326 4.79867 4.79857 4.79848 4.79848 4.80044 4.80508 4.80021
5.14153 5.09491 5.08939 5.23429 5.22872 5.2318 5.23124 5.22292 5.22548 5.23266 5.22777
3.75288 3.74316 3.74175 3.84586 3.84809 3.84977 3.84385 3.84526 3.84304 3.85041 3.84305
2.9212320000 2.8309970000 2.8420590000 2.9781500000 2.9440040000 2.9578890000 2.9008780000 2.9051050000 2.9724400000 3.0089670000 3.0119310000
1.8566420000 1.6154900000 1.9682400000 2.1601210000 2.2363320000 2.1693460000 2.0595600000 2.0192170000 2.2436130000 2.3787690000 1.9590060000
1.9993100000 2.1182520000 2.2113850000 2.2058690000 1.7608190000 2.6017440000 2.2946560000 2.1913790000 2.2891310000 2.0380130000 2.0203290000
1.1667730000 1.4436440000 1.2114130000 1.3527840000 1.2611500000 1.5165660000 1.3053310000 1.3015770000 1.5067800000 1.4242510000 1.3500030000
3.68601 3.68815 3.69118 3.78382 3.78966 3.79021 3.78463 3.78446 3.78425 3.78447 3.78434
1.4270910000 1.3366960000 1.3293060000 1.6949240000 1.5686980000 1.5255620000 1.6554160000 1.5360640000 1.5906590000 1.3666410000 1.5908770000
4.43303 4.44379 4.44442 4.55767 4.55955 4.55121 4.56541 4.55851 4.55163 4.57066 4.55251
3.9107170000 3.7099640000 3.6687960000 3.9655270000 4.0509030000 3.8807770000 3.9413380000 3.8987940000 3.7937550000 3.8792620000 3.8372500000
3.3928670000 3.4702090000 3.2223390000 3.7225430000 3.4432240000 3.4620380000 3.6088580000 3.4491650000 3.3791430000 3.5927230000 3.3916320000
3.18914 3.18858 3.19272 3.27716 3.27572 3.27674 3.27318 3.27372 3.27498 3.29107 3.27131
3.2315100000 3.1102660000 2.7268820000 3.2007880000 3.1374140000 3.3217030000 2.9767040000 3.3810580000 3.2599540000 3.1066340000 2.8553870000
3.33867 3.35492 3.35473 3.4348 3.43729 3.43156 3.43198 3.43071 3.4466 3.43113 3.43028
2.0875660000 2.3006000000 2.2930270000 2.0563110000 2.4931930000 2.3505170000 2.2593740000 2.1332790000 2.4718260000 2.3049110000 2.1740610000
0.0678890000 0.0676490000 0.0679020000 0.0690050000 0.0692910000 0.0674960000 0.0701180000 0.0694750000 0.0687360000 0.0693580000 0.0710720000
2.3991590000 2.1792560000 2.1750730000 2.1719760000 2.3159010000 2.4732130000 2.1974070000 2.3431490000 2.3111710000 2.2769560000 2.1114290000
4.06225 4.06857 4.08226 4.16903 4.18579 4.17124 4.17116 4.17248 4.17628 4.17352 4.16977
3.31715 3.3222 3.32884 3.41168 3.41647 3.41102 3.41315 3.41166 3.41706 3.41598 3.40671
3.05212 3.0523 3.06024 3.13212 3.13616 3.13215 3.13885 3.13444 3.13948 3.13539 3.14385
4.57995 4.56878 4.58612 4.69161 4.68915 4.69883 4.69787 4.6871 4.70353 4.69576 4.6959
1.1155190000 1.1190710000 1.1150430000 1.1706090000 1.1377070000 1.1589480000 1.1426490000 1.1339450000 1.1522430000 1.1377510000 1.1425890000
3.76438 3.76955 3.76968 3.86854 3.87041 3.86879 3.86978 3.86922 3.87207 3.87083 3.86788
1.9804610000 2.1402580000 1.9048440000 2.0019790000 2.1371240000 1.9121430000 1.8658310000 1.9935780000 2.1284920000 1.8184820000 2.0596830000
3.2223210000 3.0182030000 3.5023930000 3.1440740000 3.5385680000 2.8184070000 3.0352080000 3.2375300000 3.5153520000 3.2610380000 3.0781540000
1.9968500000 1.9362710000 1.9902190000 2.0243800000 2.0026190000 2.0323000000 2.0689690000 2.0231520000 2.0889790000 2.0858390000 2.0322670000
4.26874 4.26991 4.279 4.38315 4.38199 4.39378 4.38999 4.38469 4.39133 4.38501 4.38772
3.37688 3.38146 3.38149 3.46678 3.46624 3.47024 3.46414 3.46666 3.46476 3.46926 3.46764
2.1395910000 2.1077520000 2.0484910000 2.1847700000 2.2420110000 2.1621140000 2.1242090000 2.1035180000 2.2684740000 2.1380680000 2.0369520000
2.6045640000 2.5002490000 2.4762790000 2.5172680000 2.5391380000 2.5362210000 2.6467070000 2.6665520000 2.5589710000 2.5720990000 2.5523820000
