2.2347160000
4.72518
3.97889
1.5720520000
3.24454
3.6845260000
1.6721970000
1.7226570000
3.28827
1.6105130000
3.55331
3.3081890000
2.9301570000
2.3669490000
5.00476
3.57933
2.87436
2.4153950000
2.0269240000
2.5211590000
3.6693
4.63788
3.58238
2.5803490000
2.8933450000
4.1369990000
1.4360940000
3.3349980000
3.70798
5.55075
4.66384
3.38137
4.82705
3.45556
4.84039
3.84828
2.9016
1.9330230000
4.44061
3.89449
1.3345460000
2.2241260000
2.6542970000
5.50222
1.7918100000
4.66984
3.66393
1.3810900000
3.81432
3.7820220000
3.2819440000
1.6148440000
5.20074
0.4958230000
2.0735500000
1.2418050000
1.1715050000
4.512
4.24271
1.0761170000
2.1925320000
4.59255
2.4188330000
5.37569
3.1583790000
4.71302
3.1915200000
1.1274380000
1.9655090000
4.80044
5.22548
3.84304
2.9724400000
2.2436130000
2.2891310000
1.5067800000
3.78425
1.5906590000
4.55163
3.7937550000
3.3791430000
3.27498
3.2599540000
3.4466
2.4718260000
0.0687360000
2.3111710000
4.17628
3.41706
3.13948
4.70353
1.1522430000
3.87207
2.1284920000
3.5153520000
2.0889790000
4.39133
3.46476
2.2684740000
2.5589710000
