2.1950700000
4.7207
3.97716
1.7337160000
3.23882
3.4679650000
1.4968560000
1.7317360000
3.27697
1.6061140000
3.53409
3.9370190000
2.8982180000
2.4353490000
4.97849
3.57025
2.8723
2.5463150000
1.9719320000
2.6791450000
3.66709
4.63049
3.57628
2.0011320000
2.9192640000
4.0650480000
1.4242650000
3.4885780000
3.7126
5.5586
4.67023
3.38298
4.83123
3.4599
4.83827
3.8513
2.89974
1.7597700000
4.4318
3.89938
1.3311950000
2.2865090000
2.7000650000
5.49314
1.7617510000
4.66715
3.66665
1.3643060000
3.81903
3.8834700000
2.9574410000
1.7396450000
5.19388
0.4961850000
2.0458370000
1.2596390000
1.5726160000
4.51743
4.24984
1.1057080000
2.1565970000
4.59286
2.3884900000
5.38524
2.9585000000
4.70882
3.0884040000
1.0013010000
1.9169720000
4.80021
5.22777
3.84305
3.0119310000
1.9590060000
2.0203290000
1.3500030000
3.78434
1.5908770000
4.55251
3.8372500000
3.3916320000
3.27131
2.8553870000
3.43028
2.1740610000
0.0710720000
2.1114290000
4.16977
3.40671
3.14385
4.6959
1.1425890000
3.86788
2.0596830000
3.0781540000
2.0322670000
4.38772
3.46764
2.0369520000
2.5523820000
