2.1686270000
4.59536
3.86735
1.7995600000
3.15105
3.4590940000
1.4866270000
1.6771620000
3.19246
1.5735630000
3.43952
3.9019160000
2.8160740000
2.3940130000
4.85676
3.47164
2.79081
2.4130600000
1.9903590000
2.4785110000
3.57742
4.50683
3.48433
2.5217820000
2.8458840000
3.9479710000
1.2914350000
3.5020710000
3.6196
5.4261
4.54259
3.28875
4.71634
3.37283
4.7248
3.75225
2.8262
1.5951920000
4.32722
3.79319
1.3245160000
2.1149800000
2.6423470000
5.35336
1.7254870000
4.55743
3.5715
1.3643280000
3.72213
3.8973190000
3.1545870000
1.8658700000
5.06843
0.4802380000
2.1171790000
1.2287810000
1.5146980000
4.40179
4.14444
1.1215980000
2.0468760000
4.47516
2.3621650000
5.25896
2.9650870000
4.60671
3.0502940000
0.8873400000
1.9568540000
4.80326
5.23429
3.84586
2.9781500000
2.1601210000
2.2058690000
1.3527840000
3.78382
1.6949240000
4.55767
3.9655270000
3.7225430000
3.27716
3.2007880000
3.4348
2.0563110000
0.0690050000
2.1719760000
4.16903
3.41168
3.13212
4.69161
1.1706090000
3.86854
2.0019790000
3.1440740000
2.0243800000
4.38315
3.46678
2.1847700000
2.5172680000
