2.1279220000
4.60799
3.87513
1.5973200000
3.15438
3.7439790000
1.2776430000
1.6992160000
3.18906
1.5359660000
3.44742
3.4233870000
2.8316810000
2.2816640000
4.84499
3.48374
2.80425
2.3760900000
1.9588010000
2.6236190000
3.58514
4.50786
3.4818
2.7330770000
2.9185890000
4.0114310000
1.3060530000
3.3811730000
3.612
5.40955
4.5397
3.29249
4.70994
3.37365
4.73101
3.75206
2.82434
1.7428530000
4.32836
3.79753
1.3168880000
2.1064590000
2.6058090000
5.35089
1.7378860000
4.54951
3.57404
1.3795400000
3.71755
3.7870070000
3.1151770000
1.6553790000
5.05179
0.4764700000
1.9074860000
1.2315100000
1.4699050000
4.403
4.13215
1.0378970000
2.1636730000
4.4759
2.3780940000
5.23435
2.8765700000
4.58427
3.1195850000
0.9116000000
1.9552270000
4.67619
5.09491
3.74316
2.8309970000
1.6154900000
2.1182520000
1.4436440000
3.68815
1.3366960000
4.44379
3.7099640000
3.4702090000
3.18858
3.1102660000
3.35492
2.3006000000
0.0676490000
2.1792560000
4.06857
3.3222
3.0523
4.56878
1.1190710000
3.76955
2.1402580000
3.0182030000
1.9362710000
4.26991
3.38146
2.1077520000
2.5002490000
