30.6706
14.4087
13.1956400000
13.8585220000
8.8852790000
8.9094940000
26.0534
29.0495
22.7385
13.1212740000
21.7248
15.9652860000
19.66
18.8516880000
6.6630330000
22.7087
6.0541610000
7.2579660000
13.3651110000
14.2196140000
16.7994
10.1990690000
7.6063020000
6.3434500000
14.5158090000
3.3290890000
21.8022
12.1742730000
13.1134990000
7.5862090000
17.0723980000
9.8265560000
8.1338240000
17.2616160000
7.3767690000
16.1165350000
14.4807510000
13.1471270000
18.7414
13.4781190000
14.2907
3.9583590000
17.0312610000
19.5430020000
16.2505
12.8804550000
21.697
10.8321260000
11.7031820000
21.7003
16.4873
15.8597770000
21.6416560000
21.4221
18.1896520000
8.0623630000
9.5915530000
20.6327
20.0834380000
10.4462600000
19.4806
11.9591170000
11.5357950000
8.4683600000
21.883
9.7363040000
12.0858540000
13.8461310000
10.7469370000
10.3644820000
8.6713740000
8.2556320000
18.2591090000
19.5860650000
17.1131
22.241
20.3966060000
13.2179880000
2.2446220000
7.0751980000
33.7518170000
24.9089
13.2677
24.3708
21.2037260000
11.7386110000
3.6417230000
10.7840020000
20.777
14.2607730000
27.6193830000
12.3686620000
26.4216
17.3073
22.9672
14.1386
12.6390180000
14.3174610000
24.35
11.4221500000
