minEval_ga10 minEval_ga20 minEval_ga30 minEval_ga40 minEval_ga50 minEval_ga60 minEval_ga70 minEval_ga80 minEval_ga90
914.1833333333 914.1833333333 914.1833333333 914.1833333333 914.1833333333 914.1833333333 914.1833333333 914.1833333333 914.1833333333
-200 -200 -200 -200 -200 -200 -200 -200 -200
442.9500000000 442.9500000000 442.9500000000 442.9500000000 442.9500000000 442.9500000000 442.9500000000 442.9500000000 442.9500000000
-200 -200 -200 -200 -200 -200 -200 -200 -200
-200 -200 -200 -200 -200 -200 -200 -200 -200
-200 -200 -200 -200 -200 -200 -200 -200 -200
1152.6000000000 1152.6000000000 1152.6000000000 1152.6000000000 1152.6000000000 1152.6000000000 1152.6000000000 1152.6000000000 1152.6000000000
-200 -200 -200 -200 -200 -200 -200 -200 -200
-200 -200 -200 -200 -200 -200 -200 -200 -200
-200 -200 -200 -200 -200 -200 -200 -200 -200
94.9333333333 94.9333333333 94.9333333333 94.9333333333 94.9333333333 94.9333333333 94.9333333333 94.9333333333 94.9333333333
-200 -200 -200 -200 -200 -200 -200 -200 -200
1068.9333333333 1038.9333333333 1038.9333333333 1038.9333333333 1038.9333333333 1038.9333333333 1038.9333333333 1038.9333333333 1038.9333333333
-200 -200 -200 -200 -200 -200 -200 -200 -200
-200 -200 -200 -200 -200 -200 -200 -200 -200
-200 -200 -200 -200 -200 -200 -200 -200 -200
1639.0000000000 1639.0000000000 1639.0000000000 1639.0000000000 1639.0000000000 1639.0000000000 1639.0000000000 1639.0000000000 1639.0000000000
1142.9833333333 1142.9833333333 1142.9833333333 1142.9833333333 1142.9833333333 1142.9833333333 1142.9833333333 1142.9833333333 1142.9833333333
0.0000000000 0.0000000000 0.0000000000 0.0000000000 0.0000000000 0.0000000000 0.0000000000 0.0000000000 0.0000000000
2487.6000000000 2487.6000000000 2487.6000000000 2487.6000000000 2487.6000000000 2487.6000000000 2487.6000000000 2487.6000000000 2487.6000000000
973.7333333333 973.7333333333 973.7333333333 973.7333333333 973.7333333333 973.7333333333 973.7333333333 973.7333333333 973.7333333333
951.2500000000 951.2500000000 951.2500000000 951.2500000000 951.2500000000 951.2500000000 951.2500000000 951.2500000000 951.2500000000
-200 -200 -200 -200 -200 -200 -200 -200 -200
668.5833333333 668.5833333333 668.5833333333 668.5833333333 668.5833333333 668.5833333333 668.5833333333 668.5833333333 668.5833333333
54.8000000000 54.8000000000 54.8000000000 54.8000000000 54.8000000000 54.8000000000 54.8000000000 54.8000000000 54.8000000000
-200 -200 -200 -200 -200 -200 -200 -200 -200
382.5500000000 382.5500000000 382.5500000000 382.5500000000 382.5500000000 382.5500000000 382.5500000000 382.5500000000 382.5500000000
-200 -200 -200 -200 -200 -200 -200 -200 -200
-200 -200 -200 -200 -200 -200 -200 -200 -200
176.5833333333 176.5833333333 176.5833333333 176.5833333333 176.5833333333 176.5833333333 206.5833333333 176.5833333333 176.5833333333
1314.8500000000 1314.8500000000 1314.8500000000 1314.8500000000 1314.8500000000 1314.8500000000 1314.8500000000 1314.8500000000 1314.8500000000
-200 -200 -200 -200 -200 -200 -200 -200 -200
-200 -200 -200 -200 -200 -200 -200 -200 -200
-200 -200 -200 -200 -200 -200 -200 -200 -200
603.7333333333 633.7333333333 603.7333333333 603.7333333333 603.7333333333 603.7333333333 603.7333333333 603.7333333333 603.7333333333
20.0000000000 20.0000000000 20.0000000000 20.0000000000 20.0000000000 20.0000000000 20.0000000000 20.0000000000 20.0000000000
-200 -200 -200 -200 -200 -200 -200 -200 -200
-200 -200 -200 -200 -200 -200 -200 -200 -200
-200 -200 -200 -200 -200 -200 -200 -200 -200
-200 -200 -200 -200 -200 -200 -200 -200 -200
506.9833333333 586.9833333333 506.9833333333 506.9833333333 506.9833333333 506.9833333333 506.9833333333 506.9833333333 506.9833333333
578.9833333333 578.9833333333 578.9833333333 578.9833333333 578.9833333333 578.9833333333 578.9833333333 578.9833333333 578.9833333333
144.6666666667 144.6666666667 144.6666666667 144.6666666667 144.6666666667 144.6666666667 144.6666666667 144.6666666667 144.6666666667
-200 -200 -200 -200 -200 -200 -200 -200 -200
579.4000000000 579.4000000000 579.4000000000 579.4000000000 579.4000000000 579.4000000000 579.4000000000 579.4000000000 579.4000000000
225.8000000000 225.8000000000 225.8000000000 225.8000000000 225.8000000000 225.8000000000 225.8000000000 225.8000000000 225.8000000000
2603.9333333333 2603.9333333333 2603.9333333333 2603.9333333333 2603.9333333333 2603.9333333333 2603.9333333333 2603.9333333333 2603.9333333333
-200 -200 -200 -200 -200 -200 -200 -200 -200
2832.7333333333 2832.7333333333 2832.7333333333 2832.7333333333 2832.7333333333 2832.7333333333 2832.7333333333 2832.7333333333 2832.7333333333
0.0000000000 0.0000000000 0.0000000000 0.0000000000 0.0000000000 0.0000000000 0.0000000000 0.0000000000 0.0000000000
-200 -200 -200 -200 -200 -200 -200 -200 -200
-200 -200 -200 -200 -200 -200 -200 -200 -200
-200 -200 -200 -200 -200 -200 -200 -200 -200
-200 -200 -200 -200 -200 -200 -200 -200 -200
-200 -200 -200 -200 -200 -200 -200 -200 -200
18.7500000000 18.7500000000 18.7500000000 18.7500000000 18.7500000000 18.7500000000 18.7500000000 18.7500000000 18.7500000000
688.6000000000 688.6000000000 688.6000000000 688.6000000000 688.6000000000 688.6000000000 688.6000000000 688.6000000000 688.6000000000
-200 -200 -200 -200 -200 -200 -200 -200 -200
691.7333333333 691.7333333333 691.7333333333 691.7333333333 691.7333333333 691.7333333333 691.7333333333 691.7333333333 691.7333333333
540.4000000000 540.4000000000 540.4000000000 540.4000000000 540.4000000000 540.4000000000 540.4000000000 540.4000000000 540.4000000000
0.7500000000 0.7500000000 0.7500000000 0.7500000000 0.7500000000 0.7500000000 0.7500000000 0.7500000000 0.7500000000
-200 -200 -200 -200 -200 -200 -200 -200 -200
894.9833333333 894.9833333333 894.9833333333 894.9833333333 894.9833333333 894.9833333333 894.9833333333 894.9833333333 894.9833333333
-200 -200 -200 -200 -200 -200 -200 -200 -200
157.0000000000 117.0000000000 117.0000000000 117.0000000000 117.0000000000 117.0000000000 117.0000000000 117.0000000000 117.0000000000
186.7333333333 186.7333333333 186.7333333333 186.7333333333 186.7333333333 186.7333333333 186.7333333333 186.7333333333 186.7333333333
1931.2500000000 1931.2500000000 1931.2500000000 1931.2500000000 1931.2500000000 1931.2500000000 1931.2500000000 1931.2500000000 1931.2500000000
2065.9333333333 2065.9333333333 2065.9333333333 2065.9333333333 2065.9333333333 2065.9333333333 2065.9333333333 2065.9333333333 2065.9333333333
-200 -200 -200 -200 -200 -200 -200 -200 -200
-200 -200 -200 -200 -200 -200 -200 -200 -200
-200 -200 -200 -200 -200 -200 -200 -200 -200
98.2500000000 98.2500000000 98.2500000000 98.2500000000 98.2500000000 98.2500000000 98.2500000000 98.2500000000 98.2500000000
-200 -200 -200 -200 -200 -200 -200 -200 -200
-200 -200 -200 -200 -200 -200 -200 -200 -200
66.2000000000 66.2000000000 66.2000000000 66.2000000000 66.2000000000 66.2000000000 66.2000000000 66.2000000000 66.2000000000
-200 -200 -200 -200 -200 -200 -200 -200 -200
-200 -200 -200 -200 -200 -200 -200 -200 -200
-200 -200 -200 -200 -200 -200 -200 -200 -200
172.9333333333 172.9333333333 172.9333333333 172.9333333333 172.9333333333 172.9333333333 172.9333333333 172.9333333333 172.9333333333
973.9333333333 973.9333333333 973.9333333333 973.9333333333 973.9333333333 973.9333333333 973.9333333333 973.9333333333 973.9333333333
941.9333333333 941.9333333333 941.9333333333 941.9333333333 941.9333333333 941.9333333333 941.9333333333 941.9333333333 941.9333333333
-200 -200 -200 -200 -200 -200 -200 -200 -200
98.2500000000 98.2500000000 98.2500000000 98.2500000000 98.2500000000 98.2500000000 98.2500000000 98.2500000000 98.2500000000
-200 -200 -200 -200 -200 -200 -200 -200 -200
1866.7333333333 1866.7333333333 1866.7333333333 1866.7333333333 1866.7333333333 1866.7333333333 1866.7333333333 1866.7333333333 1866.7333333333
1697.6500000000 1607.6500000000 1577.6500000000 1607.6500000000 1607.6500000000 1577.6500000000 1577.6500000000 1577.6500000000 1577.6500000000
397.2000000000 397.2000000000 397.2000000000 397.2000000000 397.2000000000 397.2000000000 397.2000000000 397.2000000000 397.2000000000
1130.1833333333 1160.1833333333 1130.1833333333 1130.1833333333 1130.1833333333 1130.1833333333 1130.1833333333 1130.1833333333 1130.1833333333
-200 -200 -200 -200 -200 -200 -200 -200 -200
508.8000000000 508.8000000000 508.8000000000 508.8000000000 508.8000000000 508.8000000000 508.8000000000 508.8000000000 508.8000000000
-200 -200 -200 -200 -200 -200 -200 -200 -200
1066.7000000000 1066.7000000000 1066.7000000000 1066.7000000000 1066.7000000000 1066.7000000000 1066.7000000000 1066.7000000000 1066.7000000000
578.3333333333 578.3333333333 578.3333333333 578.3333333333 578.3333333333 578.3333333333 578.3333333333 578.3333333333 578.3333333333
0.6666666667 0.6666666667 0.6666666667 0.6666666667 0.6666666667 0.6666666667 0.6666666667 0.6666666667 0.6666666667
362.4000000000 302.4000000000 302.4000000000 302.4000000000 302.4000000000 302.4000000000 302.4000000000 302.4000000000 302.4000000000
177.3666666667 177.3666666667 177.3666666667 177.3666666667 177.3666666667 177.3666666667 177.3666666667 177.3666666667 177.3666666667
-200 -200 -200 -200 -200 -200 -200 -200 -200
867.7333333333 867.7333333333 867.7333333333 867.7333333333 867.7333333333 867.7333333333 867.7333333333 867.7333333333 867.7333333333
286.1833333333 326.1833333333 286.1833333333 286.1833333333 286.1833333333 326.1833333333 286.1833333333 286.1833333333 286.1833333333
936.3333333333 876.3333333333 876.3333333333 876.3333333333 876.3333333333 876.3333333333 876.3333333333 876.3333333333 876.3333333333
