13.9313630000
22.6038
3.4061940000
17.532
14.8581
16.971
18.8478860000
18.497
22.3883
24.3895
19.5770980000
17.3543
12.3836780000
13.9164
17.769
18.6501
10.2521770000
9.9891450000
0.0765410000
12.2737130000
14.2733160000
13.4667530000
19.4688
13.5305860000
8.8599010000
22.7669
7.9614060000
15.9066
21.4707
12.9455830000
21.2887850000
25.5258
18.187
22.2582
9.3337460000
0.2785960000
23.4109
16.7062
18.8166
22.5886
24.1604700000
13.1680890000
7.2639910000
16.6697
13.1952000000
10.1535130000
11.1620150000
26.3375
10.5366460000
0.0770390000
27.8643
21.0969
19.1705
18.0023
16.852
0.2257560000
20.1678480000
23.0717
18.3347570000
15.4974870000
8.8679330000
21.3922
17.5287680000
19.1956
19.8768290000
12.5860890000
10.4502620000
13.4161420000
18.7706
21.2163
28.0745
7.7849710000
21.8345
22.6032
6.0373230000
21.0523
21.0079
22.6733
14.7083940000
16.0113300000
16.0851370000
19.1948
5.5304700000
20.4129
14.3889050000
17.7626950000
5.3557930000
21.0011860000
15.3115
10.2323740000
18.9573
10.1820720000
15.5837930000
0.1821910000
10.1114330000
10.0361090000
24.7233
13.0715910000
18.2729290000
19.6055780000
