6.9337660000
11.2988
1.8993220000
8.87541
7.59582
8.52619
9.5285800000
9.22505
11.1993
12.1987
10.1034410000
8.60957
6.1529740000
6.96326
8.87955
9.33172
5.1737900000
4.6998610000
0.0402250000
6.1790900000
7.9329650000
6.4651720000
9.73061
6.2995030000
4.3531900000
11.3899
4.1214690000
7.96702
10.653
6.9522890000
10.4987710000
12.7676
9.05221
11.2485
4.7919700000
0.1435330000
11.6774
8.34811
9.41227
11.2925
11.7158140000
7.1211110000
3.4909010000
8.33067
6.4113900000
4.9978020000
5.6380230000
13.1943
5.4673670000
0.0401820000
13.9257
10.5726
9.59546
8.99456
8.42163
0.1164620000
10.0951360000
11.5327
7.3790270000
7.4761510000
4.3793740000
10.6926
8.7544920000
9.58702
10.0490180000
7.8525840000
5.1470430000
6.5705180000
9.38239
10.5801
13.5732
3.6277810000
10.6426
11.0953
3.0659320000
10.0602
10.2147
11.0449
6.4570750000
7.5508650000
7.1183130000
9.29621
2.7160090000
10.1803
6.4781230000
8.2772210000
2.7105270000
9.5402230000
7.65914
5.0412570000
9.47628
5.0116820000
7.6889940000
0.0936150000
4.7402780000
4.7803440000
12.3257
6.6132870000
6.9219060000
9.1894250000
