4.4366860000
7.57733
1.3352740000
5.96515
5.08208
5.67151
5.9327850000
6.15801
7.47774
8.1417
6.1306490000
5.7493
4.1159140000
4.64453
5.91276
6.22214
3.5263840000
2.9904880000
0.0278910000
3.7437670000
4.4880240000
4.3030350000
6.49171
4.1170050000
2.8541630000
7.60046
2.6971420000
5.31084
7.11306
4.3009460000
6.7248540000
8.50722
6.03533
7.52597
3.2597340000
0.0981120000
7.77666
5.58202
6.28036
7.5346
8.0759380000
4.4356430000
2.2204050000
5.5572
4.3689920000
3.2028990000
3.7225150000
8.79699
3.3110690000
0.0281520000
9.30655
7.04606
6.41262
6.00653
5.62929
0.0859570000
6.4744190000
7.7134
5.4370550000
4.5013620000
2.9313020000
7.14206
5.7021580000
6.41317
6.6985580000
5.8165450000
3.5124290000
4.3291720000
6.26675
7.06203
9.07294
2.3573990000
7.12643
7.4142
2.0657810000
6.72258
6.80639
7.36218
4.6167210000
4.8289100000
4.3115730000
6.20287
1.8613690000
6.79899
4.7200070000
5.9358540000
1.3942580000
6.4154630000
5.12214
3.3464060000
6.32415
3.3524020000
5.0991890000
0.0659640000
3.5807400000
3.2423450000
8.18993
4.2987920000
4.4116530000
6.2066950000
