21.5530790000
35.1658
6.1236750000
27.1869
23.0826
26.4664
30.0883400000
29.4177
35.2656
37.264
34.3057060000
26.1847
18.5297110000
20.863
26.6308
27.9693
16.2018280000
14.9056350000
0.1129050000
18.6465930000
20.6405000000
19.9969680000
29.1586
18.9602890000
12.7690130000
34.0776
12.1104400000
23.8532
32.3921
20.3229510000
30.7706750000
38.3974
27.3719
33.0071
15.6959090000
0.4132920000
35.046
25.0327
28.2366
33.8636
37.3317080000
19.4763710000
10.8772290000
25.0493
19.8073100000
15.0864390000
16.8928150000
39.4534
16.6976690000
0.1123920000
41.894
31.628
28.7441
26.9942
25.2738
0.3434630000
31.2721490000
34.5973
24.9204720000
23.3395630000
13.6408380000
32.1175
26.3467990000
29.7001
24.1962360000
20.0641630000
16.4422690000
21.2771810000
29.0705
32.6167
42.0452
11.2209400000
32.7362
33.9305
9.4028340000
31.1806
31.3426
33.9439
21.1425280000
23.5724420000
23.8019630000
28.5844
8.5481270000
31.1226
21.0621450000
28.1324830000
6.5726340000
31.9705350000
23.7215
15.5884970000
29.5242
15.9390680000
24.2918650000
0.2885720000
16.1726030000
15.2981250000
37.5362
18.0682270000
23.7863830000
30.9407920000
