11.4170930000
18.8618
3.0088410000
14.6465
12.4217
14.1518
15.9011140000
15.3964
18.6575
20.3115
19.4495100000
14.4075
10.3748050000
11.6035
14.8178
15.5433
9.3174580000
7.6164090000
0.0648780000
10.4556230000
12.2596700000
11.0464330000
16.2266
10.2923310000
7.2170740000
19.0028
6.8196490000
13.2552
17.8609
11.9955590000
18.1958630000
21.3009
15.1296
18.6226
8.3747660000
0.2290760000
19.4985
13.9466
15.6875
18.8103
20.8389760000
12.0028120000
6.0304120000
13.8978
10.9367110000
8.2834240000
9.4915290000
21.961
8.7696210000
0.0658090000
23.2097
17.5908
15.9961
14.9818
14.0388
0.1920180000
17.3162240000
19.2376
13.2838930000
12.8844000000
7.3842360000
17.8092
14.2709750000
16.0087
15.8258910000
12.0108960000
8.6804310000
11.4237290000
15.6287
17.6291
22.7039
5.9935470000
17.7966
18.4851
5.1617200000
16.8554
17.0181
18.3945
10.9403490000
13.2569280000
13.4931780000
15.4958
4.6552300000
16.9738
11.8813630000
14.6530290000
4.6600100000
17.3429090000
12.7741
8.4940350000
15.7961
8.6133490000
12.8964440000
0.1611100000
7.7646020000
8.6241600000
20.6342
11.2931010000
9.7778240000
15.7631730000
