minEval_ga20 minEval_ga40 minEval_ga60 minEval_ga80 minEval_ga90 minEval_ga_no
92.9166666667 92.9166666667 92.9166666667 92.9166666667 92.9166666667 92.9166666667
180.9166666667 180.9166666667 180.9166666667 180.9166666667 180.9166666667 180.9166666667
2.6666666667 2.6666666667 2.6666666667 2.6666666667 2.6666666667 2.6666666667
6.0000000000 6.0000000000 6.0000000000 6.0000000000 6.0000000000 6.0000000000
-200 -200 -200 -200 -200 -200
129.6666666667 129.6666666667 129.6666666667 129.6666666667 129.6666666667 129.6666666667
46.9166666667 46.9166666667 46.9166666667 46.9166666667 46.9166666667 46.9166666667
-200 -200 -200 -200 -200 -200
-200 -200 -200 -200 -200 -200
66.6666666667 66.6666666667 66.6666666667 66.6666666667 66.6666666667 66.6666666667
-200 -200 -200 -200 -200 -200
28.9166666667 28.9166666667 28.9166666667 28.9166666667 28.9166666667 28.9166666667
0.0000000000 0.0000000000 0.0000000000 0.0000000000 0.0000000000 0.0000000000
-200 -200 -200 -200 -200 -200
-200 -200 -200 -200 -200 -200
-200 -200 -200 -200 -200 -200
35.6666666667 35.6666666667 35.6666666667 35.6666666667 35.6666666667 35.6666666667
72.9166666667 72.9166666667 72.9166666667 72.9166666667 72.9166666667 72.9166666667
4.9166666667 4.9166666667 4.9166666667 4.9166666667 4.9166666667 4.9166666667
30.8333333333 30.8333333333 30.8333333333 30.8333333333 30.8333333333 30.8333333333
70.2500000000 70.2500000000 70.2500000000 70.2500000000 70.2500000000 70.2500000000
4.9166666667 4.9166666667 4.9166666667 4.9166666667 4.9166666667 4.9166666667
-200 -200 -200 -200 -200 -200
70.6666666667 70.6666666667 70.6666666667 70.6666666667 70.6666666667 70.6666666667
-200 -200 -200 -200 -200 -200
196.6666666667 196.6666666667 196.6666666667 196.6666666667 196.6666666667 196.6666666667
5.3333333333 5.3333333333 5.3333333333 5.3333333333 5.3333333333 5.3333333333
-200 -200 -200 -200 -200 -200
18.6666666667 18.6666666667 18.6666666667 18.6666666667 18.6666666667 18.6666666667
0.0000000000 0.0000000000 0.0000000000 0.0000000000 0.0000000000 0.0000000000
26.2500000000 26.2500000000 26.2500000000 26.2500000000 26.2500000000 26.2500000000
38.2500000000 38.2500000000 38.2500000000 38.2500000000 38.2500000000 38.2500000000
36.7500000000 36.7500000000 36.7500000000 36.7500000000 36.7500000000 36.7500000000
165.6666666667 165.6666666667 165.6666666667 165.6666666667 165.6666666667 165.6666666667
-200 -200 -200 -200 -200 -200
-200 -200 -200 -200 -200 -200
-200 -200 -200 -200 -200 -200
-200 -200 -200 -200 -200 -200
83.6666666667 83.6666666667 83.6666666667 83.6666666667 83.6666666667 83.6666666667
158.0000000000 158.0000000000 158.0000000000 158.0000000000 158.0000000000 158.0000000000
54.0000000000 54.0000000000 54.0000000000 54.0000000000 54.0000000000 54.0000000000
-200 -200 -200 -200 -200 -200
2.2500000000 2.2500000000 2.2500000000 2.2500000000 2.2500000000 2.2500000000
36.9166666667 36.9166666667 36.9166666667 36.9166666667 36.9166666667 36.9166666667
21.6666666667 21.6666666667 21.6666666667 21.6666666667 21.6666666667 21.6666666667
2.6666666667 2.6666666667 2.6666666667 2.6666666667 2.6666666667 2.6666666667
-200 -200 -200 -200 -200 -200
10.2500000000 10.2500000000 10.2500000000 10.2500000000 10.2500000000 10.2500000000
-200 -200 -200 -200 -200 -200
-200 -200 -200 -200 -200 -200
-200 -200 -200 -200 -200 -200
22.2500000000 22.2500000000 22.2500000000 22.2500000000 22.2500000000 22.2500000000
18.6666666667 18.6666666667 18.6666666667 18.6666666667 18.6666666667 18.6666666667
-200 -200 -200 -200 -200 -200
-200 -200 -200 -200 -200 -200
44.9166666667 44.9166666667 44.9166666667 44.9166666667 44.9166666667 44.9166666667
38.6666666667 38.6666666667 38.6666666667 38.6666666667 38.6666666667 38.6666666667
-200 -200 -200 -200 -200 -200
-200 -200 -200 -200 -200 -200
-200 -200 -200 -200 -200 -200
4.9166666667 4.9166666667 4.9166666667 4.9166666667 4.9166666667 4.9166666667
-200 -200 -200 -200 -200 -200
27.0000000000 27.0000000000 27.0000000000 27.0000000000 27.0000000000 27.0000000000
6.7500000000 6.7500000000 6.7500000000 6.7500000000 6.7500000000 6.7500000000
16.2500000000 16.2500000000 16.2500000000 16.2500000000 16.2500000000 16.2500000000
1.3333333333 1.3333333333 1.3333333333 1.3333333333 1.3333333333 1.3333333333
5.6666666667 5.6666666667 5.6666666667 5.6666666667 5.6666666667 5.6666666667
106.6666666667 106.6666666667 106.6666666667 106.6666666667 106.6666666667 106.6666666667
-200 -200 -200 -200 -200 -200
-200 -200 -200 -200 -200 -200
-200 -200 -200 -200 -200 -200
-200 -200 -200 -200 -200 -200
16.2500000000 16.2500000000 16.2500000000 16.2500000000 16.2500000000 16.2500000000
4.9166666667 4.9166666667 4.9166666667 4.9166666667 4.9166666667 4.9166666667
84.9166666667 84.9166666667 84.9166666667 84.9166666667 84.9166666667 84.9166666667
4.9166666667 4.9166666667 4.9166666667 4.9166666667 4.9166666667 4.9166666667
12.9166666667 12.9166666667 12.9166666667 12.9166666667 12.9166666667 12.9166666667
14.2500000000 14.2500000000 14.2500000000 14.2500000000 14.2500000000 14.2500000000
54.9166666667 54.9166666667 54.9166666667 54.9166666667 54.9166666667 54.9166666667
101.5000000000 101.5000000000 101.5000000000 101.5000000000 101.5000000000 101.5000000000
-200 -200 -200 -200 -200 -200
99.0000000000 99.0000000000 99.0000000000 99.0000000000 99.0000000000 99.0000000000
175.3333333333 175.3333333333 175.3333333333 175.3333333333 175.3333333333 175.3333333333
-200 -200 -200 -200 -200 -200
-200 -200 -200 -200 -200 -200
4.9166666667 4.9166666667 4.9166666667 4.9166666667 4.9166666667 4.9166666667
37.5000000000 37.5000000000 37.5000000000 37.5000000000 37.5000000000 37.5000000000
-200 -200 -200 -200 -200 -200
4.9166666667 4.9166666667 4.9166666667 4.9166666667 4.9166666667 4.9166666667
16.9166666667 16.9166666667 16.9166666667 16.9166666667 16.9166666667 16.9166666667
41.5000000000 41.5000000000 41.5000000000 41.5000000000 41.5000000000 41.5000000000
-200 -200 -200 -200 -200 -200
37.6666666667 37.6666666667 37.6666666667 37.6666666667 37.6666666667 37.6666666667
51.6666666667 51.6666666667 51.6666666667 51.6666666667 51.6666666667 51.6666666667
-200 -200 -200 -200 -200 -200
4.9166666667 4.9166666667 4.9166666667 4.9166666667 4.9166666667 4.9166666667
0.0000000000 0.0000000000 0.0000000000 0.0000000000 0.0000000000 0.0000000000
-200 -200 -200 -200 -200 -200
106.9166666667 106.9166666667 106.9166666667 106.9166666667 106.9166666667 106.9166666667
3.0000000000 3.0000000000 3.0000000000 3.0000000000 3.0000000000 3.0000000000
