28.1092880000
31.0734740000
37.3837350000
18.1524750000
24.8735
38.6360420000
25.6468400000
20.4394
21.4319
34.0174870000
27.0221
35.2180540000
2.9191250000
19.3083
19.0346
21.7493
36.3385850000
22.0492200000
31.9124790000
25.8677310000
45.8210630000
20.5164020000
15.8386
23.1044500000
25.5346
35.1760890000
15.2627660000
18.6397
47.9582620000
0.3500620000
59.5743770000
30.2469360000
1.0966930000
27.2405430000
19.2302
21.9096
16.9208
22.8536
28.6327290000
43.4361860000
5.8645250000
26.3958
35.0695580000
31.6702770000
28.1902190000
48.2650940000
22.617
20.9286170000
21.0858
19.2294
24.9084
19.2897710000
28.3870110000
18.8044
12.2984
44.1191430000
12.8531230000
21.4946
21.9952
18.5743
27.1495100000
23.6975
1.0740330000
1.0649030000
27.3515850000
13.0500600000
37.2610500000
22.0717730000
18.4181
11.5776
18.5258
20.9769
24.9846400000
29.7881360000
25.5252800000
33.6734880000
42.7195880000
30.3168000000
35.9648390000
16.9096080000
16.487
28.0031870000
11.8901220000
18.5074
22.8597
32.6071370000
30.4694180000
23.1179
29.7212800000
41.0104280000
18.2124040000
19.9323
27.4805860000
37.1107110000
11.3154
49.0415740000
0.3448440000
15.6225
32.7121630000
43.8793430000
