27.1063770000
30.3256890000
36.4144870000
17.7442730000
24.4982
37.9498180000
25.3034640000
20.2495
21.1285
34.5070980000
26.7444
32.4967200000
2.7641240000
18.9188
18.734
21.4096
34.8752820000
19.3950700000
28.8443100000
25.0009300000
44.6167030000
20.9608620000
15.3996
20.7895880000
24.8594
34.0356400000
14.7445350000
18.1572
46.7025530000
0.3191850000
57.4488910000
28.2523070000
0.9851740000
26.4965080000
18.6842
21.3386
16.5175
22.2955
26.4858710000
41.9145970000
5.6454410000
25.7307
36.5947490000
27.7309380000
30.0220550000
46.7336290000
22.6876
19.3236140000
21.1219
19.3136
24.9033
17.6174440000
26.8955850000
19.3975
12.5942
45.2694750000
13.3065250000
22.0821
22.5537
19.159
27.5243820000
24.3265
1.0756290000
1.0080670000
27.8210720000
13.1513000000
34.7506960000
23.8175710000
18.9983
11.8998
19.0294
21.5807
25.1539930000
31.4810640000
22.6251500000
32.1169920000
42.5408200000
30.6947010000
35.3770950000
17.0122370000
16.9516
28.3358230000
12.0912220000
19.0579
23.4991
29.7389260000
30.9326250000
23.7028
30.5165700000
41.9526750000
18.4911070000
20.4713
19.6967310000
37.7573010000
11.6434
47.6661720000
0.3321300000
15.999
32.7400880000
43.6155530000
