9.2295390000
15.0741
2.3910280000
11.768
10.0099
11.3068
12.8989890000
12.3111
14.9301
16.2547
14.6677330000
11.4823
8.3113720000
9.28137
11.8425
12.4389
7.0413810000
6.4034270000
0.0524420000
8.1237220000
9.5392500000
8.9646420000
12.9936
8.3662610000
5.8414910000
15.1871
5.3496380000
10.6201
14.2354
9.7095850000
13.4913900000
17.0515
12.0994
15.0521
6.2421950000
0.1905860000
15.585
11.1589
12.5622
15.0812
16.2249570000
8.9823250000
4.8686800000
11.1304
8.7340270000
6.5667630000
7.6250170000
17.5927
6.9061830000
0.0555230000
18.5872
14.0849
12.8169
11.9903
11.2511
0.1629230000
13.3886390000
15.4008
11.3231390000
9.8864880000
5.9481890000
14.2826
11.4932830000
12.7983
13.2908250000
9.8083250000
6.9157660000
8.9726090000
12.5089
14.1159
18.1424
4.8705650000
14.2138
14.8097
4.0477050000
13.4458
13.6095
14.7295
8.4355590000
10.3251460000
10.5139510000
12.404
3.7101830000
13.5909
8.5759470000
11.8178890000
2.5055810000
13.2371640000
10.2262
6.7418070000
12.6428
6.7210020000
10.4680510000
0.1304810000
6.4152230000
6.5524040000
16.4551
8.4341560000
8.1757600000
13.7770880000
