30.6298
14.4134
12.9174220000
14.0657370000
8.5763940000
8.8764780000
26.0492
29.0698
22.7402
13.4310620000
21.6851
14.6026550000
19.6761
18.2271470000
6.6576130000
22.7309
5.9584150000
7.8915520000
13.2428010000
14.3770710000
16.8004
10.2171910000
7.0649590000
6.3590170000
14.3157320000
3.3521690000
21.803
11.7221760000
12.0407070000
7.5249290000
15.9336470000
9.7663440000
7.5688050000
17.1385650000
7.3548870000
15.9992360000
14.2492820000
13.1141720000
18.706
13.5069920000
14.2904
3.9144970000
17.2295090000
19.2523430000
16.2534
12.7657300000
21.7398
8.3150210000
10.9300610000
21.7437
16.4942
14.9047960000
21.6996900000
21.5116
17.9182080000
7.5160330000
9.3215840000
20.6386
19.8450680000
10.0073770000
19.4697
11.4013210000
12.9988260000
8.0827430000
21.8985
9.8457290000
12.1450690000
13.1181430000
8.7839130000
10.4858900000
9.1807100000
9.4291530000
17.9078000000
20.4212310000
17.169
22.2491
22.3073150000
12.0804430000
2.2261600000
7.0916220000
33.8369470000
24.9052
13.2694
24.3466
20.9919500000
11.4785820000
3.6349170000
10.1028240000
20.7677
13.9676980000
27.0474000000
12.1711910000
26.4148
17.3049
22.9744
14.1298
12.3600990000
14.5003230000
24.329
11.8784020000
