1536 4
1537 300
1538 2531
1539 1802
1540 857
1541 254
1542 266
1543 700
1544 2776
1545 1641
1546 788
1547 228
1548 277
1549 119
1550 169
1551 180
1552 42
1553 52
1554 70
1555 1127
1556 8908
1557 6296
1558 2626
1559 915
1560 1426
1561 2822
1562 9708
1563 5554
1564 2479
1565 1097
1566 1404
1567 721
1568 656
1569 536
1570 318
1571 406
1572 262
1573 1146
1574 6884
1575 4221
1576 1306
1577 526
1578 959
1579 2005
1580 6835
1581 3388
1582 1006
1583 581
1584 981
1585 329
1586 245
1587 173
1588 121
1589 122
1590 136
1591 153
1592 522
1593 253
1594 101
1595 119
1596 118
1597 176
1598 449
1599 172
1600 93
1601 112
1602 77
1603 49
1604 67
1605 50
1606 37
1607 41
1608 47
1609 40
1610 50
1611 28
1612 16
1613 40
1614 25
1615 32
1616 30
1617 23
1618 16
1619 13
1620 10
1621 11
1622 8
1623 9
1624 5
1625 5
1626 5
1627 6
1628 15
1629 5
1630 11
1631 4
1632 9
1633 18
1634 7
1635 4
1636 3
1637 7
1638 4
1639 7
1640 3
1641 2
1642 2
1643 3
1644 8
1645 5
1646 5
1647 3
1648 5
1649 9
1650 5
1651 5
1652 5
1653 3
1654 5
1655 2
1656 4
1657 3
1658 1
1659 3
1660 4
1661 4
1662 7
1663 3
1664 4
1665 3
1666 9
1668 3
1669 6
1670 4
1671 7
1672 3
1673 3
1674 4
1675 5
1676 6
1677 3
1678 4
1679 7
1680 4
1681 1
1682 4
1683 2
1684 5
1685 7
1686 7
1687 6
1688 4
1689 3
1690 7
1691 4
1692 7
1694 5
1695 6
1696 4
1697 4
1698 9
1699 4
1700 2
1701 4
1702 9
1703 3
1704 6
1705 4
1706 7
1707 7
1708 9
1709 6
1710 4
1711 4
1712 2
1713 8
1714 5
1715 9
1716 6
1717 5
1718 6
1719 14
1720 4
1721 1
1722 3
1723 3
1724 6
1725 11
1726 9
1727 5
1728 5
1729 8
1730 4
1731 6
1732 10
1733 4
1734 9
1735 5
1736 7
1737 8
1738 4
1739 4
1740 8
1741 6
1742 3
1743 8
1744 5
1745 6
1746 4
1747 7
1748 5
1749 9
1750 9
1751 2
1752 6
1753 4
1754 4
1755 7
1756 11
1757 9
1758 2
1759 4
1760 5
1761 3
1762 2
1763 3
1764 3
1765 5
1766 1
1767 5
1768 6
1769 5
1770 7
1771 6
1772 7
1773 7
1774 5
1775 5
1776 8
1777 5
1778 5
1779 3
1780 3
1781 7
1782 4
1783 5
1784 4
1785 7
1786 3
1787 7
1788 2
1789 7
1790 6
1791 10
1792 5
1793 2
1794 2
1795 2
1796 3
1797 5
1798 6
1799 9
1800 6
1801 4
1802 5
1803 4
1804 10
1805 3
1806 11
1807 8
1808 6
1809 7
1810 15
1811 4
1812 18
1813 10
1814 6
1815 10
1816 7
1817 12
1818 13
1819 8
1820 13
1821 13
1822 10
1823 15
1824 13
1825 18
1826 15
1827 7
1828 12
1829 20
1830 11
1831 17
1832 14
1833 13
1834 11
1835 14
1836 19
1837 8
1838 17
1839 6
1840 10
1841 15
1842 17
1843 16
1844 12
1845 7
1846 15
1847 16
1848 13
1849 19
1850 7
1851 10
1852 8
1853 20
1854 16
1855 19
1856 11
1857 10
1858 15
1859 12
1860 17
1861 13
1862 12
1863 9
1864 15
1865 15
1866 16
1867 11
1868 15
1869 15
1870 7
1871 11
1872 10
1873 6
1874 11
1875 5
1876 10
1877 14
1878 6
1879 5
1880 6
1881 15
1882 10
1883 7
1884 9
1885 10
1886 7
1887 6
1888 16
1889 2
1890 7
1891 1
1892 4
1893 2
1894 2
1895 4
1896 1
1897 2
1898 2
1899 4
1900 2
1901 2
1902 3
1903 5
1904 3
1905 3
1906 3
1908 3
1909 8
1910 6
1912 3
1913 1
1916 1
1917 1
1918 1
1920 1
1924 1
1925 1
1934 2
1937 1
1941 1
1946 1
1951 1
1973 2
1984 1
1994 1
1998 1
2001 2
2007 1
2017 1
2031 1
2033 1
2036 2
2039 1
2041 1
2042 1
2048 1
2088 1
2109 1
2113 19
2114 74
2115 90
2116 29
2117 16
2118 9
2119 20
2120 91
2121 87
2122 26
2123 4
2124 9
2125 10
2126 6
2127 4
2128 2
2129 1
2130 2
2131 24
2132 236
2133 259
2134 91
2135 43
2136 42
2137 93
2138 247
2139 255
2140 85
2141 46
2142 41
2143 23
2144 23
2145 19
2146 12
2147 10
2148 8
2149 28
2150 160
2151 202
2152 53
2153 27
2154 21
2155 67
2156 176
2157 174
2158 48
2159 30
2160 30
2161 13
2162 14
2163 9
2164 5
2165 4
2166 5
2167 7
2168 17
2169 17
2170 4
2171 1
2172 7
2173 5
2174 11
2175 10
2176 2
2177 4
2178 8
2179 2
2180 1
2181 3
2182 2
2183 2
2184 8
2187 1
2188 1
2190 2
2192 1
2193 1
2195 1
2196 7
2197 3
2198 1
2201 2
2202 2
2203 3
2205 3
2212 1
2214 10
2215 1
2217 1
2219 2
2220 20
2221 3
2222 1
2223 1
2227 3
2231 1
2232 8
2233 3
2235 1
2236 1
2237 4
2238 8
2241 1
2243 1
2244 1
2246 1
2247 1
2249 2
2250 14
2251 2
2254 1
2255 7
2256 8
2260 2
2262 1
2266 1
2267 1
2268 8
2269 1
2270 1
2271 1
2273 1
2274 9
2277 1
2285 2
2286 5
2287 2
2288 1
2290 1
2291 2
2292 6
2298 1
2301 1
2304 3
2306 1
2309 3
2310 1
2317 1
2318 1
2327 1
2328 3
2333 1
2334 1
2340 1
2341 1
2343 1
2344 1
2348 1
2352 1
2362 1
2368 1
2384 1
2391 1
2392 1
2395 2
2400 1
2402 1
2408 1
2412 1
2417 1
2423 1
2428 1
2429 2
2432 1
2433 1
2434 1
2437 1
2438 2
2439 1
2455 2
2460 1
2462 1
2466 1
2474 1
2478 1
2496 1
2497 1
2568 1
2572 1
2589 1
2666 1
2684 2
2687 1
2689 1
2690 7
2691 7
2693 1
2694 1
2696 6
2697 4
2699 3
2700 1
2702 2
2706 1
2707 3
2708 21
2709 9
2710 4
2711 2
2712 2
2713 6
2714 10
2715 10
2716 4
2717 4
2718 2
2719 1
2720 1
2722 2
2724 3
2725 2
2726 3
2727 5
2728 3
2730 4
2731 5
2732 9
2733 4
2734 1
2737 1
2744 1
2745 1
2750 2
2751 1
2752 2
2772 1
2796 1
2817 1
2827 2
2844 1
2853 1
2862 2
2863 1
2868 1
2870 1
2871 1
2880 2
2881 1
2892 1
2894 1
2904 1
2905 1
2911 1
2918 1
2987 1
3056 1
3117 1
3272 1
3288 1
3296 1
3298 1
3309 1
3315 1
3320 1
3331 1
3332 2
3333 2
3338 1
3344 1
3350 1
3357 1
3359 1
3362 1
3368 1
3392 1
3479 1
3546 1
3885 1
3944 1
3946 1
