2.2013410000
4.72946
3.98364
1.9872670000
3.21158
3.6885600000
1.5712310000
1.7106420000
3.25087
1.5928960000
3.51659
3.4265700000
2.9100420000
2.3980520000
4.91407
3.51435
2.83335
2.4030420000
1.9696760000
2.6497040000
3.64569
4.62967
3.56453
2.2351540000
2.9549360000
4.0096920000
1.2284680000
3.4585350000
3.65333
5.46221
4.61901
3.36368
4.80026
3.41514
4.785
3.80268
2.86037
1.8008860000
4.37324
3.83613
1.2961650000
2.3021960000
2.5675820000
5.42973
1.7540890000
4.62171
3.60479
1.3727200000
3.73348
3.8181040000
3.1520470000
1.5710760000
5.07899
0.4843790000
1.9829710000
1.2320450000
1.5149180000
4.42923
4.15043
1.0324780000
1.9742550000
4.57561
2.3052660000
5.26769
2.9106080000
4.63708
3.0103410000
1.1248630000
1.8996260000
4.76539
5.14153
3.75288
2.9212320000
1.8566420000
1.9993100000
1.1667730000
3.68601
1.4270910000
4.43303
3.9107170000
3.3928670000
3.18914
3.2315100000
3.33867
2.0875660000
0.0678890000
2.3991590000
4.06225
3.31715
3.05212
4.57995
1.1155190000
3.76438
1.9804610000
3.2223210000
1.9968500000
4.26874
3.37688
2.1395910000
2.6045640000
