39.9113
104.166
43.4326
116.146
181.301
215.519
605.729
161.67
84.6716
21.3225
198.27
77.3108
201.603
48.889
150.017
150.291
40.4401
145.94
180.302
283.934
6.68249
125.475
44.1383
44.9026
105.394
100.452
37.5409
73.4324
143.445
45.3865
45.7512
112.727
216.605
138.353
242.201
165.741
36.5896
261.466
202.529
141.105
168.344
209.891
181.936
262.832
34.7425
181.599
46.4954
60.7163
34.3142
67.6514
133.968
205.495
38.8622
40.288
102.318
27.0276
185.194
46.0275
37.4806
48.4363
645.407
41.7388
34.6459
30.3388
228.492
112.847
47.552
105.749
207.247
199.025
229.54
180.316
29.6194
129.845
54.0967
89.1813
44.9311
235.807
39.4868
90.5531
42.3554
41.8278
34.9863
117.994
48.2336
196.192
113.095
154.287
52.671
138.973
162.179
247.661
73.2949
44.2785
36.9223
38.4414
41.1657
140.182
33.6203
141.551
167.19
145.978
114.506
43.3972
103.851
179.629
149.282
127.947
163.402
432.678
279.706
39.0946
160.735
152.212
634.519
39.2995
159.96
192.342
235.517
216.317
165.915
5.2894
37.2997
33.7059
48.0995
37.5783
202.854
139.467
212.182
231.377
132.135
214.557
46.1467
175.825
142.249
6.69768
42.1155
131.306
124.333
147.858
155.173
157.226
42.5372
39.227
42.4856
165.779
154.633
39.2496
122.458
2.09839
126.141
206.349
44.6781
120.756
158.694
143.315
47.4231
171.884
127.736
86.5891
845.277
281.765
38.7743
126.475
42.1875
103.778
185.129
109.422
193.675
182.115
38.7002
220.16
160.889
180.856
166.157
38.7076
84.6305
28.7683
37.7372
152.945
137.005
42.9825
140.103
169.096
203.874
111.532
119.037
110.169
42.8883
38.7083
202.729
172.872
48.1357
39.0762
235.94
113.772
43.7568
189.177
188.96
49.171
628.523
129.674
42.1658
44.4321
532.511
217.557
55.3584
131.001
37.6223
123.199
142.907
126.28
50.6669
120.992
250.169
41.3863
123.688
104.845
42.5126
192.672
32.0064
27.9189
87.4917
30.822
151.805
127.831
133.021
227.098
37.5251
112.552
124.339
171.479
39.9302
38.0495
124.683
36.8902
135.457
209.916
35.6249
50.0663
92.6784
59.1645
131.723
561.423
153.868
177.136
139.953
44.0218
107.298
32.9004
34.3247
31.7323
39.465
42.8122
31.7997
46.6626
37.8504
2.16271
145.002
34.0069
668.791
44.918
36.8681
39.932
100.975
45.3173
2.21886
186.865
149.026
121.715
53.8992
33.4069
184.505
45.8723
563.878
46.2223
36.4421
36.9246
44.8917
38.2512
39.3299
170.419
38.8322
113.293
39.6893
45.2326
137.497
196.871
235.509
44.5258
205.906
41.1897
56.2088
198.397
41.4934
142.158
35.8151
33.7284
36.6243
40.1071
196.86
241.232
136.034
59.8703
215.275
576.474
36.6198
108.628
61.4485
213.088
99.3872
36.7039
191.856
135.19
266.377
202.846
139.056
102.427
116.377
34.4559
183.535
69.1887
125.672
305.131
253.258
255.712
203.829
41.7285
107.004
37.1962
37.5071
133.654
35.6258
106.068
55.8354
203.025
2.11445
156.34
195.009
233.29
143.106
41.7126
39.9625
115.028
33.3426
134.287
43.1514
144.242
110.131
131.696
93.0695
101.952
107.705
150.117
44.1861
50.7672
220.542
39.5499
162.834
107.028
37.171
71.4478
25.7294
161.072
205.13
129.786
176.596
159.964
131.87
209.406
45.4997
45.8863
138.23
43.1547
42.873
179.586
36.5891
48.8689
125.024
185.853
146.048
37.209
194.946
131.044
216.881
164.456
146.902
144.831
33.9869
44.758
43.5052
37.4388
32.1296
153.364
210.559
144.825
651.209
92.0822
35.2679
44.166
46.542
44.6382
168.573
607.391
610.22
208.62
80.3437
762.222
44.0161
165.693
296.036
53.0548
100.337
196.125
127.375
215.264
56.7029
173.492
37.4922
122.419
42.4267
208.808
46.0327
87.9607
94.7389
35.2827
186.502
46.3126
35.7417
177.729
28.2728
39.3443
217.828
39.2014
217.712
615.343
208.464
121.813
159.989
129.095
147.962
54.0848
151.232
197.107
242.15
34.2155
181.018
107.116
54.0039
747.081
49.5465
42.1545
102.703
33.322
34.6717
42.6126
178.33
43.7509
44.0656
702.774
192.308
191.68
161.564
41.4722
787.142
180.351
209.879
160.969
78.1674
114.738
142.909
230.482
54.4417
45.4454
259.72
40.188
42.6492
125.383
30.6664
156.983
47.3259
130.969
44.9842
44.981
122.987
518.998
182.017
143.139
35.7109
198.148
39.7578
36.699
211.858
190.645
532.125
86.4233
210.253
162.118
361.06
39.6929
190.033
36.1785
40.7684
292.693
47.0308
71.3774
119.247
48.4792
37.5636
293.466
252.701
41.2034
204.816
94.0136
182.149
102.939
49.2195
49.4792
229.557
35.8109
42.4777
269.07
132.769
107.289
73.2173
43.2894
40.9761
43.2789
40.8402
188.219
173.054
123.703
43.0795
33.54
37.8115
39.8388
84.5125
191.536
36.0844
138.644
190.601
111.33
192.722
37.3024
43.611
56.7225
201.545
244.16
37.0224
122.463
83.1908
591.525
332.875
144.765
48.9651
177.105
156.292
89.6716
76.5454
114.598
67.2118
40.3631
116.46
37.7928
113.193
187.037
37.2071
159.531
35.5151
108.361
513.776
47.2922
181.665
181.914
31.9058
35.1203
42.3617
257.696
737.987
179.759
302.67
212.306
178.776
41.1706
199.409
177.307
152.866
221.999
89.2123
99.4719
128.363
105.687
310.968
48.4492
76.7426
40.3104
38.7991
199.415
43.0547
186.464
167.685
45.1574
156.396
116.06
46.8419
47.9252
203.665
198.705
52.6271
36.2766
42.5222
181.751
208.809
132.645
143.593
127.808
127.557
35.7353
43.9734
66.2341
200.569
188.312
103.803
96.2082
101.023
39.1896
149.234
42.2566
170.958
44.5668
200.733
199.346
39.1531
242.887
36.6831
41.6397
45.8565
155.598
250.464
187.069
189.361
43.8178
32.5478
47.7646
144.602
43.4174
207.642
138.941
42.7518
221.862
140.764
154.178
146.079
84.4716
43.531
143.189
107.644
135.229
151.814
142.59
83.0434
129.881
130.606
45.7351
43.7199
52.8139
36.5203
45.8961
35.8062
48.8048
673.27
34.8927
150.958
40.861
119.08
286.389
247.945
162.126
44.4044
37.5156
108.827
105.896
5.35359
32.3877
156.302
511.329
30.0791
148.476
139.145
137.546
35.0525
60.8458
273.744
105.685
45.2382
246.44
113.082
43.8553
42.7791
48.2874
255.959
345.011
38.9326
73.9332
35.7248
126.749
38.8673
47.9514
43.9108
41.7457
160.02
41.5436
181.129
38.4264
89.604
582.364
5.48977
42.7054
135.499
38.0206
36.9288
181.898
176.132
143.955
261.959
222.06
273.179
149.589
51.3631
45.9166
36.1263
81.6651
40.7963
42.9903
101.827
103.831
228.435
32.1039
255.32
31.4688
138.166
140.586
195.573
146.69
143.378
41.8858
77.4673
406.149
31.8898
125.415
113.935
214.323
180.219
165.284
42.8062
107.186
358.266
157.087
36.5921
39.6624
145.629
246.512
106.105
40.6325
163.237
147.679
39.4733
41.8546
229.613
42.3342
511.247
176.446
554.979
297.473
33.5639
39.1552
211.777
32.0623
64.0409
39.0124
38.9493
140.999
55.0026
211.551
346.794
107.8
139.234
193.944
226.523
143.275
262.902
153.661
109.795
45.3775
75.0953
166.754
39.7447
181.953
107.474
32.8096
43.2582
95.2379
66.1545
45.1852
42.3273
148.489
133.455
31.265
293.118
235.289
149.326
40.1935
241.174
121.002
140.55
173.383
146.195
220.951
146.9
191.674
96.9123
105.622
213.63
580.637
41.3547
129.511
43.7347
100.09
119.323
177.598
93.6523
82.8035
60.5623
44.0259
149.772
48.5432
171.765
44.3437
45.2769
44.7616
146.353
51.9227
34.9097
176.014
187.867
251.549
81.3293
121.257
102.048
156.882
362.782
38.7501
42.6902
42.6883
135.487
421.721
202.292
151.663
151.761
267.509
40.2129
123.622
37.1436
937.341
41.9451
171.833
154.665
49.4227
44.9058
146.088
163.571
142.27
229.785
39.5615
30.4893
6.48436
216.154
94.404
126.565
36.7786
39.9102
147.827
5.24197
206.105
52.9987
42.4537
100.02
43.4477
132.729
36.978
42.2959
42.0663
140.723
137.077
99.2045
166.804
27.814
80.0255
111.755
160.953
139.266
235.109
82.7828
152.937
6.60151
241.207
52.2581
189.595
86.6688
310.687
36.061
92.656
454.362
104.299
54.9323
2.04914
40.1482
142.048
101.374
276.018
216.961
46.8519
121.749
165.949
278.323
37.8498
111.234
67.0732
220.985
83.0738
38.7432
276.274
36.8956
237.552
121.998
291.084
36.3356
133.409
149.901
39.5998
30.673
526.187
153.543
148.565
192.178
37.6998
158.788
117.895
35.3359
570.036
35.5589
173.905
140.115
230.97
50.2769
151.078
203.162
158.803
76.1729
55.2409
170.155
104.98
43.4345
41.3909
33.2796
88.2875
127.926
116.112
201.058
35.2983
214.159
42.9456
33.9242
236.393
131.3
200.645
116.335
716.04
388.492
195.9
37.8882
33.8293
220.166
34.6527
45.7399
116.719
187.505
175.56
172.274
136.519
96.9523
165.281
103.059
35.5286
39.5794
42.0553
40.1592
505.886
46.6836
229.74
