-200
-200
7.3333333333
10.2500000000
8.6666666667
98.2500000000
-200
-200
-200
132.9166666667
-200
6.0000000000
-200
2.6666666667
59.3333333333
-200
192.0000000000
2.6666666667
74.2500000000
36.9166666667
-200
106.2500000000
208.9166666667
132.0000000000
139.6666666667
40.6666666667
-200
154.6666666667
2.6666666667
170.2500000000
24.0000000000
260.6666666667
12.9166666667
0.7500000000
11.0000000000
161.0000000000
70.2500000000
107.6666666667
-200
138.6666666667
-200
6.7500000000
94.9166666667
36.6666666667
-200
75.0000000000
-200
17.0000000000
38.6666666667
-200
-200
5.6666666667
371.2500000000
-200
29.6666666667
12.9166666667
13.6666666667
-200
29.6666666667
6.0000000000
-200
46.2500000000
16.9166666667
22.2500000000
-200
287.0000000000
112.9166666667
20.9166666667
5.6666666667
0.7500000000
68.9166666667
2.6666666667
32.2500000000
2.2500000000
-200
-200
11.6666666667
124.9166666667
12.5000000000
36.9166666667
110.9833333333
-200
-200
-200
44.9166666667
18.0000000000
16.6666666667
146.9166666667
-200
257.6666666667
34.6666666667
204.0000000000
-200
-200
-200
-200
212.9166666667
170.6666666667
-200
59.6666666667
