time_ga1 time_ga10 time_ga12 time_ga15 time_ga2 time_ga3 time_ga4 time_ga5 time_ga6 time_ga7 time_ga8 time_ga9
30.9462 29.9901 29.9633 30.6901 31.5378 30.7112 30.7494 30.6921 30.6298 30.6715 30.6706 30.7591
14.4621 14.0511 14.1039 14.5146 14.8146 14.4193 14.4327 14.4286 14.4134 14.4421 14.4087 14.4168
13.2796250000 12.6747780000 12.9894220000 12.8609230000 13.2848060000 13.0427990000 13.1856730000 13.2849730000 12.9174220000 13.1740630000 13.1956400000 12.9463290000
13.4158920000 13.9156770000 13.3591630000 13.8376180000 13.6301680000 13.8514660000 13.4252170000 13.7987810000 14.0657370000 13.7343490000 13.8585220000 14.1996600000
8.5594160000 8.0773730000 8.5148480000 8.1907990000 8.6412050000 9.2872940000 8.2726110000 9.1719870000 8.5763940000 9.3595660000 8.8852790000 9.0852670000
9.1296470000 8.8064160000 8.6274720000 9.0980520000 9.0643760000 8.7806510000 9.0624110000 8.9182860000 8.8764780000 8.8374940000 8.9094940000 8.9051460000
26.8158 25.3995 25.7753 26.08 26.7877 26.0297 26.0966 26.1296 26.0492 26.0501 26.0534 26.1309
29.8076 28.3055 28.669 29.0674 29.8763 29.035 29.1125 29.0756 29.0698 29.0477 29.0495 29.0695
23.3391 22.1361 22.3468 22.7593 23.3928 22.7263 22.8305 22.7799 22.7402 22.7358 22.7385 22.7877
13.9569080000 12.9217940000 13.1251490000 13.4452100000 13.7854950000 13.5160820000 13.9127410000 13.4214700000 13.4310620000 13.3436230000 13.1212740000 13.6063840000
21.3338 21.1629 21.2287 21.6773 22.3268 21.7061 21.6923 21.702 21.6851 21.6923 21.7248 21.6893
16.3819270000 14.1917590000 15.2235130000 14.3062200000 15.3587000000 15.7912900000 15.4505690000 15.2793990000 14.6026550000 15.9736010000 15.9652860000 14.6795350000
19.4614 19.1607 19.2485 19.657 20.221 19.7089 19.7057 19.6985 19.6761 19.6407 19.66 19.6674
18.6880910000 18.0445980000 18.8766310000 18.7068810000 20.5085640000 19.9745210000 17.8703750000 20.1966840000 18.2271470000 19.1178500000 18.8516880000 18.6856030000
6.4380510000 6.5729820000 6.6150980000 6.7723160000 6.7780350000 6.5762070000 6.6692410000 6.5993860000 6.6576130000 6.6297030000 6.6630330000 6.6650420000
22.1311 22.1229 22.3326 22.7887 23.3651 22.7469 22.7372 22.776 22.7309 22.7417 22.7087 22.7466
5.8297210000 5.9355010000 6.0073590000 6.1562880000 6.0705640000 6.0256450000 6.0084870000 5.9531940000 5.9584150000 5.9966280000 6.0541610000 6.0759190000
7.4216390000 7.8712470000 8.4270550000 8.2513270000 7.5420680000 8.2952680000 7.7913880000 8.3489170000 7.8915520000 7.4812530000 7.2579660000 7.5632650000
12.8044570000 13.1801070000 13.0242070000 13.4035210000 13.6142590000 13.2813060000 13.2751230000 13.3820440000 13.2428010000 13.3614100000 13.3651110000 13.2830080000
13.5703380000 14.6329880000 13.8444220000 15.2133110000 15.2411100000 14.5953130000 14.5104120000 14.4690320000 14.3770710000 14.5270590000 14.2196140000 14.5628160000
16.3461 16.4068 16.3411 16.8114 17.2924 16.8153 16.7985 16.7869 16.8004 16.8006 16.7994 16.8026
9.5231520000 10.3927220000 9.4753150000 10.4535060000 10.3620780000 10.4846860000 10.7466900000 9.8253790000 10.2171910000 8.9973870000 10.1990690000 9.5081210000
6.9908840000 6.8973650000 7.3245380000 5.6628610000 7.3600740000 6.7309860000 6.7090140000 7.5662220000 7.0649590000 6.0906710000 7.6063020000 7.0126350000
6.0856340000 6.2377170000 6.2538150000 6.3761260000 6.5179870000 6.3404680000 6.4025120000 6.3065500000 6.3590170000 6.4148950000 6.3434500000 6.3651640000
14.0200100000 14.4529820000 14.3287200000 14.6381690000 15.0531080000 14.6142340000 14.9561260000 14.9879890000 14.3157320000 14.9723150000 14.5158090000 14.8073050000
3.3910820000 3.2719900000 3.3581100000 3.4080220000 3.3756750000 3.3309060000 3.3059020000 3.3318300000 3.3521690000 3.3178060000 3.3290890000 3.4107070000
21.3882 21.294 21.3687 21.8073 22.4645 21.8574 21.8357 21.7957 21.803 21.7954 21.8022 21.8355
12.1097750000 12.3393230000 12.5825840000 12.4360600000 12.3859970000 12.5988820000 12.5682880000 13.0200580000 11.7221760000 13.2194190000 12.1742730000 13.0307890000
11.8862620000 12.1448330000 12.0086740000 12.7636020000 12.0684350000 11.5533640000 11.8949700000 12.2039790000 12.0407070000 12.1065470000 13.1134990000 12.3088880000
7.7254010000 6.5064520000 8.4246330000 7.8357410000 7.5397870000 8.4269310000 7.9915910000 7.2741340000 7.5249290000 7.6930100000 7.5862090000 7.8549480000
16.9756120000 16.8388050000 17.1448580000 16.7120690000 17.8683650000 16.4805200000 16.8079000000 16.6052760000 15.9336470000 17.3213280000 17.0723980000 16.5698760000
9.5270190000 10.3008320000 9.7739910000 10.0085210000 9.9606080000 9.8904160000 9.9949570000 9.7177880000 9.7663440000 9.8334340000 9.8265560000 9.8905750000
7.7983910000 8.1196800000 6.4022170000 8.0446720000 8.0085450000 7.9964790000 6.9243080000 7.8855130000 7.5688050000 8.6171980000 8.1338240000 8.2794020000
16.5355850000 17.9162370000 16.9761410000 17.2438900000 17.8005990000 17.2027360000 17.2423210000 17.2336480000 17.1385650000 17.2578450000 17.2616160000 17.2478720000
7.2460330000 7.6229070000 7.3330130000 7.5465820000 7.5173640000 7.3496320000 7.4578280000 7.3354560000 7.3548870000 7.3896660000 7.3767690000 7.4584300000
15.7097280000 16.5033880000 15.6722540000 16.3008730000 16.8124420000 16.2659580000 16.2262910000 16.1768660000 15.9992360000 16.2631550000 16.1165350000 16.0347150000
13.9527150000 14.7064170000 13.9554330000 14.3057320000 14.4772880000 14.2121350000 14.2956130000 14.1789640000 14.2492820000 14.3174250000 14.4807510000 14.3805200000
13.1077920000 13.6111110000 13.3023870000 13.2639580000 13.7219990000 12.9418080000 13.0078720000 13.1215220000 13.1141720000 13.0103030000 13.1471270000 13.0358570000
18.3953 19.2483 18.3214 19.247 19.2792 18.7384 18.7496 18.7354 18.706 18.7438 18.7414 18.7555
13.0662870000 13.5065050000 13.1370310000 13.9213520000 13.6006830000 13.1712090000 13.2845350000 13.2150450000 13.5069920000 13.3593280000 13.4781190000 13.6515170000
13.9922 14.2978 14.0037 14.7183 14.6904 14.297 14.3233 14.2937 14.2904 14.2962 14.2907 14.294
3.8355830000 4.0046330000 3.8244950000 4.0801240000 3.9823660000 3.8909900000 3.9183060000 3.9287230000 3.9144970000 3.9303320000 3.9583590000 3.9414670000
16.7698170000 17.2316180000 16.8256300000 17.5576850000 17.3742620000 17.0299460000 17.1362240000 17.0717390000 17.2295090000 17.1839970000 17.0312610000 16.7816700000
18.9287640000 19.1611160000 19.0933120000 19.7731000000 19.7652170000 19.2407610000 19.3993140000 19.4774080000 19.2523430000 19.8465800000 19.5430020000 19.9467790000
15.9852 16.2127 15.9087 16.7158 16.7362 16.273 16.3245 16.2805 16.2534 16.2512 16.2505 16.2615
12.2119570000 12.6456140000 12.6846100000 12.2247240000 12.9685450000 12.6815760000 12.1414960000 12.0227030000 12.7657300000 12.7075630000 12.8804550000 12.2675600000
21.4252 21.501 21.2435 22.3113 22.261 21.699 21.7483 21.682 21.7398 21.6929 21.697 21.6763
10.1418750000 10.3151070000 9.4881640000 9.8076920000 10.6756510000 9.0383710000 10.2873570000 10.3176800000 8.3150210000 10.3616170000 10.8321260000 9.6619030000
11.2512130000 12.2006230000 11.5067500000 10.5777250000 11.8794470000 11.6236740000 11.6442950000 11.7473410000 10.9300610000 11.3253230000 11.7031820000 11.6201120000
21.3314 21.5764 21.2473 22.3375 22.3301 21.7138 21.7753 21.7092 21.7437 21.7032 21.7003 21.7348
16.2584 16.4666 16.1526 16.9743 16.9541 16.5601 16.5112 16.5199 16.4942 16.524 16.4873 16.5258
15.7966660000 15.8838740000 15.4565490000 16.4514720000 15.2265960000 16.1464440000 16.7673960000 16.3794760000 14.9047960000 16.0049650000 15.8597770000 15.8661500000
22.0906320000 21.0595220000 20.9893760000 22.6997440000 22.8647070000 22.0638770000 22.1476990000 21.8908090000 21.6996900000 22.9596280000 21.6416560000 23.8022930000
21.112 21.3116 21.4669 22.1267 22.031 21.4783 21.5398 21.4402 21.5116 21.4527 21.4221 21.4615
18.6346000000 18.9203260000 18.3763670000 18.6694250000 17.6793740000 19.0805860000 18.2506460000 18.6589020000 17.9182080000 18.2492130000 18.1896520000 17.6202360000
8.5608620000 8.4115550000 7.6683590000 8.7808070000 7.9530280000 8.2507300000 8.6735600000 7.8747680000 7.5160330000 9.0934520000 8.0623630000 8.6891840000
9.1545010000 8.6617010000 9.2928250000 9.1458900000 9.3757070000 9.2011950000 10.0625290000 9.0838820000 9.3215840000 8.7253600000 9.5915530000 9.5191750000
20.3116 20.4981 20.9544 21.192 21.2388 20.6507 20.6605 20.6357 20.6386 20.618 20.6327 20.6167
19.6233440000 19.8380950000 20.6857700000 20.4712670000 20.1072190000 19.9029420000 20.1981280000 19.8248600000 19.8450680000 20.0016900000 20.0834380000 20.0645360000
10.6595200000 9.5511070000 9.8898930000 10.7782590000 9.9017590000 9.9454400000 9.6335630000 9.9115640000 10.0073770000 9.7092210000 10.4462600000 10.9514090000
19.1035 19.3292 19.7084 20.0113 20.0169 19.5268 19.5215 19.472 19.4697 19.4742 19.4806 19.4836
9.7586080000 10.0565630000 11.7371770000 10.7759300000 10.5813190000 11.1996970000 11.5062730000 10.9191000000 11.4013210000 10.4813630000 11.9591170000 11.7137150000
11.6400640000 12.9385690000 13.0158580000 13.3182040000 11.4402710000 11.3181480000 11.9154460000 12.5254150000 12.9988260000 11.2855120000 11.5357950000 12.9404450000
9.1033280000 8.9440180000 8.0008790000 7.7423480000 8.1244420000 7.8390160000 8.3909430000 8.1828870000 8.0827430000 7.7393040000 8.4683600000 8.0051840000
21.8404 22.3576 22.4253 22.5188 22.491 21.9089 21.9442 21.9022 21.8985 21.8994 21.883 21.9179
9.7077910000 9.6751390000 10.1534970000 10.2632200000 9.8752230000 9.5498010000 10.0431090000 9.5134170000 9.8457290000 10.1938820000 9.7363040000 9.6423370000
11.7679850000 12.7007150000 12.3287180000 12.4675290000 12.7710160000 12.0150110000 12.0376430000 12.3761490000 12.1450690000 12.4853320000 12.0858540000 12.3427750000
13.9841930000 14.4528500000 14.6349320000 13.7802960000 14.6000580000 13.9775590000 13.9744060000 14.9089460000 13.1181430000 13.8028830000 13.8461310000 14.1896150000
9.5968170000 9.2521150000 10.4951640000 8.8420370000 9.5998010000 8.0395380000 9.1895590000 8.9429350000 8.7839130000 9.5728120000 10.7469370000 9.0997030000
11.0583660000 10.9453190000 10.7849940000 11.0917110000 10.8386100000 10.5654310000 10.5652350000 10.5656510000 10.4858900000 10.5594860000 10.3644820000 10.6003490000
10.2647620000 8.7263260000 8.6446880000 9.4705280000 10.1606250000 8.6776170000 9.0346180000 8.5327570000 9.1807100000 10.0602650000 8.6713740000 9.7865440000
9.7387260000 9.9967460000 9.3402700000 8.8095710000 9.5706830000 9.9646820000 10.0666400000 9.4556850000 9.4291530000 8.6685700000 8.2556320000 8.3012230000
18.3697520000 18.8674310000 18.4287650000 18.6819140000 18.1925330000 17.7350180000 18.5754440000 18.0697750000 17.9078000000 17.7560350000 18.2591090000 17.8932250000
21.1997590000 20.6000110000 20.9653220000 21.3452340000 21.9190400000 20.0378750000 21.2327630000 20.6129610000 20.4212310000 20.0836010000 19.5860650000 19.9186540000
16.7618 17.6798 17.3857 17.5788 17.5875 17.1183 17.1264 17.1293 17.169 17.1223 17.1131 16.6178
21.7473 22.9243 22.381 22.9125 22.8593 22.2585 22.2819 22.2326 22.2491 22.2739 22.241 21.6307
20.4615670000 22.9566520000 22.3300500000 21.2101410000 23.3014800000 22.1448380000 22.6774250000 22.5841300000 22.3073150000 21.5416700000 20.3966060000 19.9611190000
11.1716940000 13.0825610000 13.1878050000 13.4116990000 12.4191290000 12.2754400000 11.7807860000 12.5414400000 12.0804430000 12.8471540000 13.2179880000 12.0249050000
2.1649210000 2.3558980000 2.3295470000 2.3271030000 2.2847510000 2.2448890000 2.2251610000 2.2373730000 2.2261600000 2.2578690000 2.2446220000 2.1832610000
6.9185990000 7.0755260000 7.0282460000 5.8379450000 8.4377970000 6.8786810000 7.2891940000 5.8680080000 7.0916220000 7.1309250000 7.0751980000 6.7132720000
34.2874260000 34.4682190000 33.9119910000 34.2121440000 35.3516180000 33.3291360000 34.9133320000 33.0379100000 33.8369470000 34.1510400000 33.7518170000 33.4049020000
25.1533 24.4675 24.8841 25.5706 25.5633 24.8937 25.0968 24.8926 24.9052 24.9021 24.9089 24.1646
13.3851 13.0091 13.2767 13.7079 13.6321 13.3035 13.292 13.2896 13.2694 13.2804 13.2677 12.886
24.4307 23.9398 24.4 25.0367 25.0489 24.4993 24.3639 24.3514 24.3466 24.3546 24.3708 23.656
21.1748610000 21.0149740000 21.1693970000 22.4075260000 22.0235150000 21.2484290000 21.8113810000 21.3685650000 20.9919500000 21.2886400000 21.2037260000 20.8391100000
10.5045250000 11.7941160000 11.1900390000 10.0074130000 11.4189930000 10.3184890000 11.5903520000 10.9998720000 11.4785820000 11.4798070000 11.7386110000 10.7894080000
3.5004040000 3.6353690000 3.6580050000 3.7741690000 3.6070230000 3.5972200000 3.5948070000 3.6004510000 3.6349170000 3.6197990000 3.6417230000 3.5574700000
10.2574960000 10.0603630000 10.3672750000 10.9827420000 10.3981010000 10.2378360000 10.5551180000 10.2958480000 10.1028240000 10.5378520000 10.7840020000 10.1482450000
20.237 20.3476 20.7812 21.416 20.758 20.8155 20.7903 20.769 20.7677 20.7604 20.777 20.1673
13.8529930000 13.6793250000 13.8511500000 14.5543330000 14.1008680000 14.1116920000 13.6319580000 14.0968670000 13.9676980000 14.0749480000 14.2607730000 13.4485110000
27.1498700000 27.2646910000 26.9934690000 27.4326150000 27.3371650000 27.0219620000 27.0907660000 27.4061070000 27.0474000000 26.4875870000 27.6193830000 26.7557720000
12.1323780000 12.7273640000 12.5506600000 12.9514560000 12.2723700000 12.2033850000 12.4293530000 12.1438330000 12.1711910000 12.0678890000 12.3686620000 11.9372650000
25.9676 25.9266 26.4479 27.1612 26.4706 26.4722 26.5148 26.4339 26.4148 26.4303 26.4216 25.6754
17.1592 17.278 17.3173 17.7905 17.3284 17.3442 17.3413 17.3195 17.3049 17.3106 17.3073 16.807
22.3783 22.579 22.9466 23.637 23.0279 22.9726 22.9566 23.0174 22.9744 22.9635 22.9672 22.2679
13.7895 13.8391 14.1898 14.5088 14.1495 14.1707 14.1707 14.1477 14.1298 14.1309 14.1386 13.7348
12.1027520000 12.2736760000 12.1441490000 12.8399450000 12.3153720000 12.0744510000 12.3404130000 12.3939490000 12.3600990000 12.4369080000 12.6390180000 11.9685800000
14.7042610000 15.2278980000 13.8222490000 15.6680960000 14.9341180000 14.6979500000 15.3226530000 14.8851330000 14.5003230000 14.4265410000 14.3174610000 14.4552440000
23.8579 24.0335 24.3139 24.9808 24.3197 24.3119 24.2903 24.2809 24.329 24.238 24.35 23.5457
11.2023620000 11.4756000000 11.7207980000 12.2033110000 11.6567290000 11.6323090000 11.8577240000 11.1174930000 11.8784020000 11.7254670000 11.4221500000 11.3572900000
