29.9901
14.0511
12.6747780000
13.9156770000
8.0773730000
8.8064160000
25.3995
28.3055
22.1361
12.9217940000
21.1629
14.1917590000
19.1607
18.0445980000
6.5729820000
22.1229
5.9355010000
7.8712470000
13.1801070000
14.6329880000
16.4068
10.3927220000
6.8973650000
6.2377170000
14.4529820000
3.2719900000
21.294
12.3393230000
12.1448330000
6.5064520000
16.8388050000
10.3008320000
8.1196800000
17.9162370000
7.6229070000
16.5033880000
14.7064170000
13.6111110000
19.2483
13.5065050000
14.2978
4.0046330000
17.2316180000
19.1611160000
16.2127
12.6456140000
21.501
10.3151070000
12.2006230000
21.5764
16.4666
15.8838740000
21.0595220000
21.3116
18.9203260000
8.4115550000
8.6617010000
20.4981
19.8380950000
9.5511070000
19.3292
10.0565630000
12.9385690000
8.9440180000
22.3576
9.6751390000
12.7007150000
14.4528500000
9.2521150000
10.9453190000
8.7263260000
9.9967460000
18.8674310000
20.6000110000
17.6798
22.9243
22.9566520000
13.0825610000
2.3558980000
7.0755260000
34.4682190000
24.4675
13.0091
23.9398
21.0149740000
11.7941160000
3.6353690000
10.0603630000
20.3476
13.6793250000
27.2646910000
12.7273640000
25.9266
17.278
22.579
13.8391
12.2736760000
15.2278980000
24.0335
11.4756000000
