31.5378
14.8146
13.2848060000
13.6301680000
8.6412050000
9.0643760000
26.7877
29.8763
23.3928
13.7854950000
22.3268
15.3587000000
20.221
20.5085640000
6.7780350000
23.3651
6.0705640000
7.5420680000
13.6142590000
15.2411100000
17.2924
10.3620780000
7.3600740000
6.5179870000
15.0531080000
3.3756750000
22.4645
12.3859970000
12.0684350000
7.5397870000
17.8683650000
9.9606080000
8.0085450000
17.8005990000
7.5173640000
16.8124420000
14.4772880000
13.7219990000
19.2792
13.6006830000
14.6904
3.9823660000
17.3742620000
19.7652170000
16.7362
12.9685450000
22.261
10.6756510000
11.8794470000
22.3301
16.9541
15.2265960000
22.8647070000
22.031
17.6793740000
7.9530280000
9.3757070000
21.2388
20.1072190000
9.9017590000
20.0169
10.5813190000
11.4402710000
8.1244420000
22.491
9.8752230000
12.7710160000
14.6000580000
9.5998010000
10.8386100000
10.1606250000
9.5706830000
18.1925330000
21.9190400000
17.5875
22.8593
23.3014800000
12.4191290000
2.2847510000
8.4377970000
35.3516180000
25.5633
13.6321
25.0489
22.0235150000
11.4189930000
3.6070230000
10.3981010000
20.758
14.1008680000
27.3371650000
12.2723700000
26.4706
17.3284
23.0279
14.1495
12.3153720000
14.9341180000
24.3197
11.6567290000
