29.9633
14.1039
12.9894220000
13.3591630000
8.5148480000
8.6274720000
25.7753
28.669
22.3468
13.1251490000
21.2287
15.2235130000
19.2485
18.8766310000
6.6150980000
22.3326
6.0073590000
8.4270550000
13.0242070000
13.8444220000
16.3411
9.4753150000
7.3245380000
6.2538150000
14.3287200000
3.3581100000
21.3687
12.5825840000
12.0086740000
8.4246330000
17.1448580000
9.7739910000
6.4022170000
16.9761410000
7.3330130000
15.6722540000
13.9554330000
13.3023870000
18.3214
13.1370310000
14.0037
3.8244950000
16.8256300000
19.0933120000
15.9087
12.6846100000
21.2435
9.4881640000
11.5067500000
21.2473
16.1526
15.4565490000
20.9893760000
21.4669
18.3763670000
7.6683590000
9.2928250000
20.9544
20.6857700000
9.8898930000
19.7084
11.7371770000
13.0158580000
8.0008790000
22.4253
10.1534970000
12.3287180000
14.6349320000
10.4951640000
10.7849940000
8.6446880000
9.3402700000
18.4287650000
20.9653220000
17.3857
22.381
22.3300500000
13.1878050000
2.3295470000
7.0282460000
33.9119910000
24.8841
13.2767
24.4
21.1693970000
11.1900390000
3.6580050000
10.3672750000
20.7812
13.8511500000
26.9934690000
12.5506600000
26.4479
17.3173
22.9466
14.1898
12.1441490000
13.8222490000
24.3139
11.7207980000
