30.6921
14.4286
13.2849730000
13.7987810000
9.1719870000
8.9182860000
26.1296
29.0756
22.7799
13.4214700000
21.702
15.2793990000
19.6985
20.1966840000
6.5993860000
22.776
5.9531940000
8.3489170000
13.3820440000
14.4690320000
16.7869
9.8253790000
7.5662220000
6.3065500000
14.9879890000
3.3318300000
21.7957
13.0200580000
12.2039790000
7.2741340000
16.6052760000
9.7177880000
7.8855130000
17.2336480000
7.3354560000
16.1768660000
14.1789640000
13.1215220000
18.7354
13.2150450000
14.2937
3.9287230000
17.0717390000
19.4774080000
16.2805
12.0227030000
21.682
10.3176800000
11.7473410000
21.7092
16.5199
16.3794760000
21.8908090000
21.4402
18.6589020000
7.8747680000
9.0838820000
20.6357
19.8248600000
9.9115640000
19.472
10.9191000000
12.5254150000
8.1828870000
21.9022
9.5134170000
12.3761490000
14.9089460000
8.9429350000
10.5656510000
8.5327570000
9.4556850000
18.0697750000
20.6129610000
17.1293
22.2326
22.5841300000
12.5414400000
2.2373730000
5.8680080000
33.0379100000
24.8926
13.2896
24.3514
21.3685650000
10.9998720000
3.6004510000
10.2958480000
20.769
14.0968670000
27.4061070000
12.1438330000
26.4339
17.3195
23.0174
14.1477
12.3939490000
14.8851330000
24.2809
11.1174930000
