30.7112
14.4193
13.0427990000
13.8514660000
9.2872940000
8.7806510000
26.0297
29.035
22.7263
13.5160820000
21.7061
15.7912900000
19.7089
19.9745210000
6.5762070000
22.7469
6.0256450000
8.2952680000
13.2813060000
14.5953130000
16.8153
10.4846860000
6.7309860000
6.3404680000
14.6142340000
3.3309060000
21.8574
12.5988820000
11.5533640000
8.4269310000
16.4805200000
9.8904160000
7.9964790000
17.2027360000
7.3496320000
16.2659580000
14.2121350000
12.9418080000
18.7384
13.1712090000
14.297
3.8909900000
17.0299460000
19.2407610000
16.273
12.6815760000
21.699
9.0383710000
11.6236740000
21.7138
16.5601
16.1464440000
22.0638770000
21.4783
19.0805860000
8.2507300000
9.2011950000
20.6507
19.9029420000
9.9454400000
19.5268
11.1996970000
11.3181480000
7.8390160000
21.9089
9.5498010000
12.0150110000
13.9775590000
8.0395380000
10.5654310000
8.6776170000
9.9646820000
17.7350180000
20.0378750000
17.1183
22.2585
22.1448380000
12.2754400000
2.2448890000
6.8786810000
33.3291360000
24.8937
13.3035
24.4993
21.2484290000
10.3184890000
3.5972200000
10.2378360000
20.8155
14.1116920000
27.0219620000
12.2033850000
26.4722
17.3442
22.9726
14.1707
12.0744510000
14.6979500000
24.3119
11.6323090000
