30.6715
14.4421
13.1740630000
13.7343490000
9.3595660000
8.8374940000
26.0501
29.0477
22.7358
13.3436230000
21.6923
15.9736010000
19.6407
19.1178500000
6.6297030000
22.7417
5.9966280000
7.4812530000
13.3614100000
14.5270590000
16.8006
8.9973870000
6.0906710000
6.4148950000
14.9723150000
3.3178060000
21.7954
13.2194190000
12.1065470000
7.6930100000
17.3213280000
9.8334340000
8.6171980000
17.2578450000
7.3896660000
16.2631550000
14.3174250000
13.0103030000
18.7438
13.3593280000
14.2962
3.9303320000
17.1839970000
19.8465800000
16.2512
12.7075630000
21.6929
10.3616170000
11.3253230000
21.7032
16.524
16.0049650000
22.9596280000
21.4527
18.2492130000
9.0934520000
8.7253600000
20.618
20.0016900000
9.7092210000
19.4742
10.4813630000
11.2855120000
7.7393040000
21.8994
10.1938820000
12.4853320000
13.8028830000
9.5728120000
10.5594860000
10.0602650000
8.6685700000
17.7560350000
20.0836010000
17.1223
22.2739
21.5416700000
12.8471540000
2.2578690000
7.1309250000
34.1510400000
24.9021
13.2804
24.3546
21.2886400000
11.4798070000
3.6197990000
10.5378520000
20.7604
14.0749480000
26.4875870000
12.0678890000
26.4303
17.3106
22.9635
14.1309
12.4369080000
14.4265410000
24.238
11.7254670000
