30.7591
14.4168
12.9463290000
14.1996600000
9.0852670000
8.9051460000
26.1309
29.0695
22.7877
13.6063840000
21.6893
14.6795350000
19.6674
18.6856030000
6.6650420000
22.7466
6.0759190000
7.5632650000
13.2830080000
14.5628160000
16.8026
9.5081210000
7.0126350000
6.3651640000
14.8073050000
3.4107070000
21.8355
13.0307890000
12.3088880000
7.8549480000
16.5698760000
9.8905750000
8.2794020000
17.2478720000
7.4584300000
16.0347150000
14.3805200000
13.0358570000
18.7555
13.6515170000
14.294
3.9414670000
16.7816700000
19.9467790000
16.2615
12.2675600000
21.6763
9.6619030000
11.6201120000
21.7348
16.5258
15.8661500000
23.8022930000
21.4615
17.6202360000
8.6891840000
9.5191750000
20.6167
20.0645360000
10.9514090000
19.4836
11.7137150000
12.9404450000
8.0051840000
21.9179
9.6423370000
12.3427750000
14.1896150000
9.0997030000
10.6003490000
9.7865440000
8.3012230000
17.8932250000
19.9186540000
16.6178
21.6307
19.9611190000
12.0249050000
2.1832610000
6.7132720000
33.4049020000
24.1646
12.886
23.656
20.8391100000
10.7894080000
3.5574700000
10.1482450000
20.1673
13.4485110000
26.7557720000
11.9372650000
25.6754
16.807
22.2679
13.7348
11.9685800000
14.4552440000
23.5457
11.3572900000
