30.7494
14.4327
13.1856730000
13.4252170000
8.2726110000
9.0624110000
26.0966
29.1125
22.8305
13.9127410000
21.6923
15.4505690000
19.7057
17.8703750000
6.6692410000
22.7372
6.0084870000
7.7913880000
13.2751230000
14.5104120000
16.7985
10.7466900000
6.7090140000
6.4025120000
14.9561260000
3.3059020000
21.8357
12.5682880000
11.8949700000
7.9915910000
16.8079000000
9.9949570000
6.9243080000
17.2423210000
7.4578280000
16.2262910000
14.2956130000
13.0078720000
18.7496
13.2845350000
14.3233
3.9183060000
17.1362240000
19.3993140000
16.3245
12.1414960000
21.7483
10.2873570000
11.6442950000
21.7753
16.5112
16.7673960000
22.1476990000
21.5398
18.2506460000
8.6735600000
10.0625290000
20.6605
20.1981280000
9.6335630000
19.5215
11.5062730000
11.9154460000
8.3909430000
21.9442
10.0431090000
12.0376430000
13.9744060000
9.1895590000
10.5652350000
9.0346180000
10.0666400000
18.5754440000
21.2327630000
17.1264
22.2819
22.6774250000
11.7807860000
2.2251610000
7.2891940000
34.9133320000
25.0968
13.292
24.3639
21.8113810000
11.5903520000
3.5948070000
10.5551180000
20.7903
13.6319580000
27.0907660000
12.4293530000
26.5148
17.3413
22.9566
14.1707
12.3404130000
15.3226530000
24.2903
11.8577240000
