30.6901
14.5146
12.8609230000
13.8376180000
8.1907990000
9.0980520000
26.08
29.0674
22.7593
13.4452100000
21.6773
14.3062200000
19.657
18.7068810000
6.7723160000
22.7887
6.1562880000
8.2513270000
13.4035210000
15.2133110000
16.8114
10.4535060000
5.6628610000
6.3761260000
14.6381690000
3.4080220000
21.8073
12.4360600000
12.7636020000
7.8357410000
16.7120690000
10.0085210000
8.0446720000
17.2438900000
7.5465820000
16.3008730000
14.3057320000
13.2639580000
19.247
13.9213520000
14.7183
4.0801240000
17.5576850000
19.7731000000
16.7158
12.2247240000
22.3113
9.8076920000
10.5777250000
22.3375
16.9743
16.4514720000
22.6997440000
22.1267
18.6694250000
8.7808070000
9.1458900000
21.192
20.4712670000
10.7782590000
20.0113
10.7759300000
13.3182040000
7.7423480000
22.5188
10.2632200000
12.4675290000
13.7802960000
8.8420370000
11.0917110000
9.4705280000
8.8095710000
18.6819140000
21.3452340000
17.5788
22.9125
21.2101410000
13.4116990000
2.3271030000
5.8379450000
34.2121440000
25.5706
13.7079
25.0367
22.4075260000
10.0074130000
3.7741690000
10.9827420000
21.416
14.5543330000
27.4326150000
12.9514560000
27.1612
17.7905
23.637
14.5088
12.8399450000
15.6680960000
24.9808
12.2033110000
