2.2365800000
4.7207
3.9755
1.9463990000
3.24416
3.6300200000
1.6401970000
1.7434300000
3.27276
1.5615860000
3.53695
4.0544680000
2.9098890000
2.4172940000
4.97729
3.56678
2.8658
2.4894450000
2.0049450000
2.6985640000
3.66415
4.64115
3.57585
2.1718920000
2.9627550000
4.1396030000
1.4556100000
3.3470290000
3.71774
5.57042
4.65734
3.37679
4.83038
3.46717
4.83577
3.84977
2.89852
1.9227000000
4.43644
3.89062
1.3655250000
2.3531040000
2.6533010000
5.49947
1.7699870000
4.66036
3.66555
1.4366320000
3.81491
3.7839020000
3.2565870000
1.7699530000
5.19471
0.4917830000
1.8558100000
1.2485880000
1.4136740000
4.54022
4.24599
1.1472780000
2.2848780000
4.58747
2.3620740000
5.38806
3.0794840000
4.71052
3.1902690000
1.1668540000
1.9286210000
4.79857
5.2318
3.84977
2.9578890000
2.1693460000
2.6017440000
1.5165660000
3.79021
1.5255620000
4.55121
3.8807770000
3.4620380000
3.27674
3.3217030000
3.43156
2.3505170000
0.0674960000
2.4732130000
4.17124
3.41102
3.13215
4.69883
1.1589480000
3.86879
1.9121430000
2.8184070000
2.0323000000
4.39378
3.47024
2.1621140000
2.5362210000
